42 8468
35 6501
70 5725
79 9359
63 4465
6 8146
82 6828
62 492
96 1943
28 5437
92 4605
3 154
93 2383
22 8717
19 9896
48 1727
72 1539
70 9913
68 6300
36 9895
4 3812
23 334
74 4665
42 7712
54 6869
48 7645
63 2758
38 2860
24 9742
30 779
17 3036
91 1843
89 107
41 8943
65 2649
47 3806
91 6730
71 5351
7 1102
94 3549
30 2624
85 9955
57 1841
67 7377
32 6309
45 2440
27 1324
38 1539
19 2083
30 6542
34 1116
40 9659
5 9931
78 2307
74 2387
22 8746
25 9073
71 5830
78 5574
98 6513
87 3291
62 8637
56 4768
56 5575
32 2053
51 1151
42 1725
67 3431
8 192
8 1338
58 2288
54 384
46 8910
10 9759
22 8589
23 4947
7 3031
14 9169
1 2592
63 1656
11 6360
25 538
49 6484
96 4042
3 4351
92 837
75 1021
97 4022
49 3200
69 4485
82 4735
54 2000
19 7939
1 3789
28 468
29 4894
49 2484
8 2422
11 6618
14 9515
10 7617
36 7452
1 5250
20 1557
99 304
25 1009
45 2610
90 2703
96 486
94 4344
24 1588
15 9504
49 5201
59 6619
81 9797
99 5282
90 799
10 7158
73 3623
39 2293
39 4180
91 9658
59 6192
16 2889
57 1512
3 2635
73 56
29 2647
63 4887
76 8434
70 143
45 1417
82 1999
23 8652
22 5700
58 8477
93 4390
76 713
1 2511
4 6870
62 4689
2 9790
56 6424
3 586
83 286
89 1427
18 3758
33 933
70 2155
22 7190
77 1330
69 8693
26 556
35 6550
42 9513
46 8061
19 3754
40 2424
80 5997
88 2530
50 7438
67 2950
94 3196
98 417
87 6106
89 6283
56 5735
15 1702
17 672
87 2264
14 4356
86 54
13 809
33 946
14 7757
22 9559
47 7983
82 4145
97 223
30 2162
36 451
74 467
45 1660
93 6440
54 25
55 9511
46 650
87 8314
75 8023
69 4019
88 9906
59 7392
3 3626
78 4415
15 5825
35 5875
73 160
34 8071
88 8298
19 8178
74 2271
64 2669
93 3986
3 8481
14 7628
3 4100
28 2626
44 1925
24 9973
62 4182
4 7433
6 7594
26 3032
93 143
23 1287
65 7901
88 8361
14 975
71 9171
36 834
12 5761
97 4668
86 2551
41 3695
96 1625
20 2126
77 1695
59 6303
72 2467
79 2594
52 5485
19 8465
20 3153
1 8088
61 1927
11 4758
71 316
77 228
44 2759
65 5110
83 7087
66 3488
78 4475
26 5628
30 1929
24 8521
3 4963
24 4597
38 3262
96 2526
65 8261
3 8117
31 327
12 772
12 5548
54 1521
91 4925
89 1764
41 852
63 3830
1 7714
59 7579
66 3008
78 1201
59 6440
4 2761
58 2325
78 5109
14 4888
2 2851
61 2429
94 7385
6 6541
12 8705
36 2357
73 9351
24 4486
57 3217
27 9358
27 3358
38 3272
70 9362
97 3023
18 113
18 8697
86 4042
24 4130
30 4566
60 8933
97 9856
54 6963
85 9735
55 6973
58 4370
33 2964
8 2484
12 1636
68 2849
76 2939
24 2143
55 6512
42 176
60 7826
22 7871
27 1935
6 1784
51 7399
80 2702
94 2735
38 6535
57 1994
77 5706
63 549
82 301
14 6642
56 4856
43 1463
12 878
25 2679
53 8444
97 2674
41 9314
76 73
19 611
18 4933
13 696
70 3832
41 6489
86 9091
98 2590
91 5146
54 9315
52 6741
45 1259
36 8760
93 7606
65 2182
4 3830
76 609
93 5998
50 9557
62 1628
68 9542
30 1241
14 9175
2 6078
16 8684
14 3993
25 5602
93 5760
71 6429
28 4085
76 8787
99 4971
88 3848
5 504
22 2664
7 2364
11 2172
90 8241
65 5543
20 914
92 6705
19 9233
51 5206
76 1540
4 1423
99 1248
85 3649
72 7865
14 1076
46 8713
47 8679
70 5263
20 3986
90 5945
66 8541
46 5509
19 7871
2 8324
33 4473
53 5088
71 9764
2 7104
24 3528
1 6970
16 5566
29 1544
48 2089
44 2638
10 6464
50 4682
89 1343
9 2061
22 1759
55 889
47 691
50 2844
31 5621
49 7068
37 784
36 2227
86 7039
54 5630
25 5749
24 3360
58 4767
45 4956
19 2727
12 1026
56 1002
50 9497
85 9516
65 3343
76 7914
43 1197
49 5073
27 4607
74 4430
5 6706
27 9813
76 94
66 6037
37 9142
15 5995
57 6653
37 839
83 1356
16 1132
31 7842
26 2012
38 4187
91 1651
63 1635
94 354
17 3453
9 7263
34 5455
4 6635
4 4257
49 1125
18 4214
10 4029
1 1081
19 6859
51 4156
62 5265
4 3677
44 6910
3 3562
90 4949
83 3654
75 2221
3 6924
32 9370
79 260
9 2620
72 4
46 9782
5 2393
86 5314
99 5590
23 5939
38 6411
62 6235
9 9962
60 6494
16 5270
38 8870
59 4701
72 6265
18 6216
56 7816
31 3040
13 9289
83 1955
86 711
85 4775
81 9816
52 6542
16 1680
11 5899
74 789
78 8133
57 8690
14 9
42 5791
24 1364
29 5185
79 7201
72 1886
75 1072
34 2868
54 4296
69 826
77 5630
51 2599
10 4694
87 81
17 2250
68 1529
80 7865
22 8406
27 6817
17 7727
67 9088
82 9965
41 5687
22 1663
22 6065
10 416
3 9874
25 3942
46 1763
24 7532
7 2269
19 5603
8 4308
82 1013
37 6631
15 6810
85 3557
91 1294
97 9153
55 5346
9 249
92 3713
32 115
40 7959
23 9705
96 1053
70 7480
39 6424
19 867
60 2499
87 1197
63 6634
59 2023
47 8393
38 3926
48 9459
3 808
99 7831
93 4601
79 800
53 449
83 541
16 4576
63 9568
37 8398
19 9898
29 3852
17 4231
50 6926
59 230
21 941
61 5148
63 1656
76 793
62 1755
99 3147
15 6947
89 9570
39 7664
76 4516
22 476
16 529
35 2571
6 9465
58 8963
62 525
50 7470
31 1924
51 4334
26 911
38 6337
38 1279
94 7637
15 8165
92 9950
36 2506
38 5
38 2624
65 9971
9 569
82 7086
53 8374
53 8195
77 3827
97 7573
50 4641
75 8820
44 2612
42 290
20 5566
6 7586
17 1451
16 2610
65 9167
94 6075
10 301
96 9574
90 3162
73 7969
59 6032
69 9427
11 423
75 8780
11 3553
83 5392
96 5765
75 1365
3 8256
61 475
73 6822
23 5548
78 9790
6 196
95 7951
44 755
82 1013
73 3440
29 5913
63 5968
9 4416
9 7224
60 6435
5 9487
20 959
46 6807
67 8701
68 7693
88 8533
57 975
48 5022
84 6223
32 2377
84 6949
24 7983
19 4777
21 1112
83 3857
91 8926
25 6487
78 5970
44 7535
78 2669
69 1992
97 7784
29 7728
27 5872
98 7613
4 1028
9 5546
9 7186
39 4238
44 1314
2 8851
29 2112
51 8150
93 1455
70 682
66 268
14 9794
35 5473
73 2831
2 8443
78 3878
71 703
65 1382
91 8824
38 8024
80 6596
70 2328
43 1311
83 1059
27 9488
71 2529
52 2259
14 9861
84 1287
43 8611
73 7129
35 5842
19 3504
68 4866
39 1882
58 2751
15 8599
59 2662
64 2757
8 279
90 9436
66 2076
87 1387
34 8361
31 6049
29 9493
34 3841
67 1736
11 1600
38 1893
83 7329
53 1370
45 1795
9 9253
48 7433
36 7209
65 3498
44 7650
16 6842
90 6101
13 649
24 9852
75 8634
92 7201
55 9991
98 4920
81 2579
32 2545
41 3488
100 2526
84 5539
93 6194
53 5012
61 5835
41 1498
86 8530
41 8806
92 3393
11 3550
79 6980
72 9278
74 194
21 1498
27 1277
91 6583
79 1160
19 6490
60 3450
25 9073
81 7009
68 209
78 8504
71 2608
97 2075
23 2612
20 8762
57 2891
64 6684
17 9933
53 2742
55 6814
63 397
61 616
5 2600
37 4681
99 7033
88 2585
41 3518
7 8671
42 8883
50 3524
59 2106
22 7096
97 9917
79 179
80 5059
78 2751
8 3730
82 2996
79 4677
54 900
85 5566
94 3609
73 1244
30 7515
69 5056
92 5974
23 6749
52 987
45 6447
78 6518
30 9917
75 5792
70 2913
47 694
92 9816
50 6858
41 6053
37 8552
88 1227
63 6956
84 8395
81 6098
66 7066
14 9262
79 1079
79 4141
12 1948
46 171
76 3490
51 6150
34 3866
15 7283
8 7433
97 6368
23 4883
11 7642
32 2188
6 6480
22 6539
52 9448
9 9647
77 5760
90 423
67 8487
56 2029
15 4861
54 1778
49 2504
62 2432
83 2456
98 2107
53 5822
97 6282
22 4456
48 7125
19 9136
77 1775
60 4999
75 9254
23 636
44 8889
54 3233
48 8681
27 5679
51 4802
62 4200
56 6364
17 574
62 3246
74 8275
51 4354
82 4288
100 8111
44 7466
73 2530
82 2113
77 4382
48 6891
72 8806
73 33
90 9321
66 5432
59 1294
7 6579
49 2207
72 8167
97 6698
21 3695
30 4789
10 7985
70 8979
18 4016
27 3685
69 7907
29 2098
19 4391
100 1786
87 9200
21 711
72 5814
16 6086
19 3581
32 7268
88 3445
87 4508
61 7828
75 6432
53 272
69 4694
86 338
12 7605
78 407
69 9023
14 5001
43 7538
39 1389
56 3290
48 3182
94 6585
88 762
94 8218
2 7483
48 5666
54 2105
85 9096
26 222
65 1782
73 8107
57 3344
94 7081
81 4869
12 3714
69 3252
17 2080
69 7041
32 2934
80 664
60 6654
37 2096
66 1875
21 6836
81 8977
56 5726
72 4809
60 9157
3 7833
6 441
76 1563
86 1963
81 1837
98 1203
9 81
41 2077
59 1494
41 8547
75 4774
98 8881
36 1073
1 708
56 667
42 3589
82 7169
16 9397
26 1010
13 8137
56 8763
44 743
22 7923
13 9249
19 7369
18 9715
51 3291
36 2760
70 1896
4 2641
80 4200
6 4792
62 8682
53 8754
34 2030
88 7043
54 84
21 5815
19 2245
64 7230
53 8865
70 471
6 1048
95 1488
27 3277
24 6541
80 3991
89 4711
72 7946
22 8471
84 3590
56 4979
80 5007
63 136
88 7197
34 2089
36 9780
94 4791
63 8966
2 9106
8 4568
70 3135
72 1458
99 3546
98 4219
39 4845
73 8564
29 9265
2 4724
91 7605
2 4228
98 3693
72 364
2 2364
22 3566
22 3446
11 496
42 5023
13 9152
16 8056
94 8739
80 9883
9 2655
23 2708
46 1339
45 2291
40 3155
5 4624
26 79
25 1982
31 9734
24 595
31 8847
88 9446
6 8617
51 490
39 1964
36 4698
10 1631
25 1909
38 4475
21 7373
94 3856
35 9562
57 7607
85 7076
83 4120
42 433
85 2780
80 8284
68 837
26 4119
38 8029
20 578
38 4092
57 2796
61 1902
94 3433
37 4581
76 5908
85 8075
20 6791
77 42
52 8330
91 2975
73 3592
90 5788
91 3240
94 3054
64 682
4 7006
77 8480
96 6140
69 3999
84 3640
16 7622
94 5827
23 3839
29 2582
100 8979
92 1024
44 4835
44 7350
3 8708
3 5142
88 8347
92 4638
14 1401
17 1691
63 8936
27 9411
78 1383
61 7190
6 3875
64 723
96 2567
61 6039
89 7812
46 9468
26 6868
90 543
64 1548
3 9618
100 5024
27 1204
49 1052
71 8637
59 5968
57 9406
32 9963
20 7976
57 7532
96 8045
92 6804
89 8916
51 2320
73 5792
84 134
76 4643
70 8301
55 2079
86 2258
34 894
91 104
51 7234
23 4272
12 8991
39 1642
59 9048
53 9659
80 5303
84 8991
3 5569
23 6896
36 8009
62 6743
95 3700
89 179
43 1358
42 1848
70 6346
81 1914
65 5711
62 5386
74 7505
63 2704
3 1070
55 3530
53 2075
50 3731
45 845
50 4119
66 6364
53 8774
71 9732
48 7512
70 4399
99 7104
53 5680
54 3044
23 1089
64 5835
51 7023
41 1912
93 5652
81 5478
17 9877
79 5221
16 2349
99 2180
36 6858
84 1663
3 8263
21 9771
23 9274
42 2687
89 3918
18 1893
99 1268
50 66
90 6933
20 6082
4 9131
29 8632
90 3153
31 9173
65 6408
96 5429
82 8491
11 6178
72 5237
60 644
41 7634
38 3894
31 275
94 8783
4 7462
91 9663
8 998
52 8424
91 6718
41 8704
67 4884
62 2660
46 387
52 2766
2 6841
10 1498
84 9251
59 8422
76 582
88 3272
88 8000
5 4980
39 701
31 2462
19 206
41 8829
60 1623
99 3761
99 2936
82 615
68 8494
97 9162
47 539
71 539
77 1556
18 6372
61 5753
59 5434
56 9066
27 2402
35 2760
94 549
74 8793
94 2934
38 7104
91 8212
95 4669
28 7499
90 5249
80 1648
50 932
70 876
99 5450
37 4600
24 1444
32 8155
62 4435
86 3968
17 1394
5 9867
54 309
24 8685
93 2668
49 2470
31 812
15 6091
28 3744
5 600
75 7196
7 5159
90 9859
10 7890
48 41
19 9365
76 27
90 2504
67 6413
41 2571
77 5396
42 9987
52 1110
88 84
86 3391
51 8687
56 1382
29 5503
78 863
25 3566
73 833
86 4429
47 890
79 884
26 1266
61 5046
79 5822
56 2521
28 4774
35 7252
76 3337
35 1002
38 9311
75 7591
57 1072
81 936
46 7283
26 8719
74 4713
38 4999
6 7163
18 8693
40 8048
47 9104
32 4116
40 5859
30 2646
95 7200
46 4273
76 1863
73 3774
81 1239
98 3543
9 9204
78 6126
35 1402
79 8383
70 737
79 7940
39 8722
27 664
78 1576
25 5982
1 7962
63 6003
49 5096
85 4017
38 9508
94 1285
45 260
22 7059
44 7669
78 120
58 3042
92 5265
24 6916
73 7930
42 4716
16 2537
58 7760
1 3453
94 4242
30 2449
28 1799
25 325
75 8134
86 5039
71 6863
30 5085
10 4879
24 7086
1 3025
94 3106
13 5766
68 5408
78 3785
5 4791
35 892
22 8086
35 5191
43 7999
87 2019
22 425
98 1377
55 9670
9 2928
94 6069
67 9103
39 2601
20 4319
91 4985
40 2557
9 4633
79 6815
88 7240
75 5021
28 2555
89 7442
99 3643
3 6322
5 3947
57 8510
34 7709
62 6534
87 4805
86 143
43 7261
62 1621
44 9579
88 114
64 4592
35 416
57 9762
13 8412
60 6252
39 3371
25 5508
8 7585
52 3102
90 4959
42 1791
14 413
56 1061
94 8473
3 2677
44 7374
67 7652
76 1529
33 762
70 2504
30 7108
93 2452
54 8393
71 3520
73 3408
95 9506
41 384
63 1410
8 8039
61 5472
72 655
48 1515
24 1230
90 6767
88 9757
33 7471
40 667
23 7284
61 7554
6 7092
60 5387
88 4630
43 8318
46 2357
89 5453
55 467
34 7761
20 5632
39 1268
77 1099
15 6321
54 4008
70 4217
23 9843
8 5464
61 948
94 8631
18 3044
77 5315
27 7118
35 621
72 6793
65 9155
67 4694
65 3776
1 2213
1 7552
77 6380
44 7878
90 362
86 8273
35 5145
62 5564
5 2947
89 309
58 1431
24 6465
75 4347
38 1982
19 6612
93 7592
33 7124
62 6992
62 7331
99 7370
92 8401
80 4118
18 9915
96 1442
37 1868
29 1454
10 3974
82 1504
70 6817
84 5368
86 8403
31 7158
82 5568
11 1867
88 3172
78 1246
65 6239
72 2048
16 4593
12 2658
6 54
72 581
41 2531
76 4321
91 3378
99 6587
5 4490
32 9745
89 6611
19 6920
60 5928
10 8120
80 2717
1 1397
54 1459
31 4594
7 9850
55 4273
61 2295
55 6334
47 4230
72 429
60 2242
22 2689
67 2034
86 2271
30 2262
61 2209
83 2163
7 6879
80 1898
88 6539
70 784
41 2796
67 8634
10 4558
18 6135
54 8136
59 2594
44 1694
67 2952
41 1095
38 5175
13 6098
52 2696
18 3493
93 238
31 614
97 1711
90 5629
10 8787
45 8841
83 8570
21 7394
93 4963
15 2528
8 3195
6 4714
12 8914
94 9665
4 8996
63 4382
47 9910
49 1769
25 2512
55 4236
28 4634
41 1863
28 7578
18 2341
43 5101
1 6559
77 3155
36 6431
32 1296
38 5624
23 2928
30 212
12 1755
81 2254
94 1322
86 6529
44 1001
56 4672
71 7453
76 4632
41 8935
41 7987
35 4249
40 8766
97 313
63 5053
32 3988
65 2558
49 9557
71 5451
83 7302
94 4100
33 9045
32 76
5 9051
27 4067
39 9802
24 3844
42 3381
96 7919
60 1364
29 6330
89 8855
14 4980
70 667
80 7578
38 3403
16 3293
24 2873
49 324
54 5949
96 5198
9 2909
12 3994
66 6782
3 7611
29 7257
6 8966
24 770
16 254
6 3685
79 2146
41 834
86 6901
69 3995
34 3886
49 8282
33 6257
11 873
83 3902
7 636
61 2472
28 7138
44 9769
34 3996
72 7604
43 8012
80 1035
13 4594
31 4162
35 259
27 5907
92 4444
89 228
20 6485
25 9094
36 3225
95 3583
68 8628
6 1147
87 6590
41 8238
51 8760
79 8957
78 2404
43 6301
12 5226
44 1596
17 6616
5 1007
69 1642
36 699
26 8314
24 2313
19 8458
97 8340
87 2095
47 7044
23 2912
81 3456
59 6848
71 991
74 4328
14 3455
97 2473
51 7242
42 5647
26 8214
25 7930
96 5404
95 7994
68 2188
41 5080
42 8126
35 4861
1 4908
22 7693
94 5118
18 404
44 7894
40 9012
26 4029
79 749
51 2893
45 655
24 4354
37 1548
47 827
62 3905
39 7572
87 6406
100 2057
29 1268
52 2020
92 8167
18 5847
94 3188
22 2913
68 8300
45 9898
2 3329
43 7105
69 9769
42 6297
63 721
45 7919
26 1220
85 8175
85 460
50 7015
96 2504
33 3852
38 6815
64 4652
20 4291
18 1684
19 6585
53 3587
70 6249
38 2398
25 3169
28 8149
94 383
72 7670
94 878
15 9105
85 2944
96 6812
94 8893
99 1991
100 4891
94 9075
50 3775
15 174
70 9219
66 6834
39 9912
53 6464
9 5150
89 2246
32 1921
7 9272
69 6422
59 4158
48 4983
39 4123
24 907
7 190
57 346
52 6924
19 1551
98 1837
92 3407
11 5814
52 5881
45 4744
42 1246
79 4950
6 4515
86 9228
25 7205
57 3918
28 556
3 4287
69 1699
80 1412
90 759
91 776
11 7133
90 7297
51 3113
23 2530
73 5837
78 5554
77 671
86 2653
52 398
52 9002
36 6694
73 7917
17 5329
12 2126
39 7297
40 1545
57 2827
3 6759
89 2022
87 4109
78 2629
80 6948
50 1281
46 5129
63 427
20 678
92 4048
86 3232
7 8685
55 6770
10 7957
22 5946
66 6017
61 6498
36 5191
78 8050
6 7887
89 8676
44 7378
31 8488
56 2483
54 5001
55 290
89 5216
9 1311
41 7800
98 9708
55 305
38 486
100 793
14 2613
83 2984
52 6130
38 5034
1 1865
84 1858
69 1711
69 1709
42 7733
38 1685
100 2702
70 8584
57 9693
41 2088
13 3811
21 4836
64 616
98 8678
75 135
54 9534
79 2287
25 2735
76 5350
13 6985
25 7793
5 8823
56 8914
63 4474
85 4161
23 6054
98 1823
51 1338
18 4007
32 2198
6 9237
58 6600
91 1899
86 1448
85 593
26 8997
56 4829
39 7343
29 9796
43 38
7 6768
54 9794
6 4147
10 3925
55 9466
40 6207
10 5493
100 8176
37 3062
48 5619
14 6728
13 7897
10 7842
31 9091
35 7916
87 3524
67 1345
37 2038
17 5894
50 972
45 2778
86 6201
91 286
26 7119
69 7
30 4009
42 226
37 1981
17 471
85 8748
29 7937
5 701
24 6365
12 6041
51 1505
84 1767
42 2671
46 507
89 3257
8 8267
58 2679
100 2675
56 5192
91 9833
59 997
18 8291
68 1708
35 8247
63 9403
40 3427
96 907
15 351
87 5280
77 5823
80 2302
13 5677
65 7358
71 6039
13 145
62 8181
1 644
57 8062
48 5940
9 9291
53 980
19 1420
8 2285
48 9978
76 8614
10 3372
43 6340
37 2622
2 6035
30 1359
37 8470
98 8505
99 4203
6 1239
33 66
17 4482
80 9024
28 1772
14 383
41 4817
89 5320
90 5514
60 852
72 3284
65 7039
13 3185
60 3502
75 8734
60 7715
50 6596
23 4542
17 5378
53 566
92 139
11 968
56 3788
25 8223
40 7442
49 6805
35 9369
42 8873
69 9975
77 5138
34 3242
46 8019
16 2975
53 847
57 5525
67 5582
45 2241
35 5297
77 5028
6 2019
92 1642
66 6192
72 6260
1 218
17 1944
25 7065
6 1158
3 7667
76 2047
33 9790
47 2146
4 3153
2 8327
54 1185
50 351
6 4347
26 8971
37 4796
94 1324
33 8857
97 3211
77 5693
51 5291
96 3853
51 8316
37 9362
61 9985
30 2535
51 8083
7 1937
85 791
18 9183
67 3117
89 9426
2 5611
51 9983
22 5194
39 6755
94 4896
81 5639
68 7421
46 6884
66 4697
34 391
33 190
40 184
18 2130
54 680
14 601
53 5146
62 2152
19 8964
14 4908
55 1477
18 1212
30 2265
67 9532
43 699
23 1156
88 5258
59 4465
63 8511
47 1066
81 3166
47 3541
98 8043
65 3195
85 271
16 2201
7 2107
3 4697
34 7612
68 416
46 176
55 3449
20 3080
89 6322
93 1598
98 3510
53 72
59 4123
60 7998
100 1900
21 1321
37 6985
13 1916
54 9486
42 200
68 4209
45 170
82 4880
9 7208
60 5707
50 4076
27 125
8 7775
85 129
47 3146
82 1715
50 4169
39 308
94 3505
6 1698
18 5956
42 2344
34 2098
80 737
56 5634
55 931
53 9905
80 2489
71 1755
73 2177
2 5416
87 4232
81 9976
61 515
39 6658
91 9439
82 5448
43 4619
71 5632
62 7220
82 991
34 8673
64 1303
3 6929
22 4899
48 946
7 2223
87 5795
78 2845
84 1548
41 486
65 1724
38 6654
69 8131
56 1467
59 2513
57 3319
2 143
77 1507
3 685
24 271
13 8251
76 312
51 9196
89 1521
2 184
99 7893
49 6785
46 2188
63 8344
59 6860
72 4017
73 2833
42 7684
89 2016
77 8517
99 40
84 3206
98 9147
70 3676
18 9388
21 6031
43 1736
90 374
81 2074
78 787
82 1786
23 8346
80 6086
14 936
36 884
87 6097
49 2086
53 522
61 1983
37 7689
20 7237
93 7066
79 4199
97 6387
12 977
48 2122
3 7246
3 8565
40 2573
58 2371
21 1655
60 1081
99 3392
61 511
92 5868
34 1676
37 500
76 5791
77 1257
73 704
87 968
16 3543
96 3567
57 4187
38 9199
27 8365
86 1666
9 341
61 2815
55 8013
53 3339
7 2526
31 9250
80 3080
14 8839
18 8422
46 5992
70 1840
9 6566
63 9474
82 1971
48 7054
9 6509
16 4430
67 7690
64 1772
42 6260
32 3573
15 967
89 8171
69 2200
56 3851
45 2937
79 9407
28 314
24 2372
28 7074
62 2174
35 1103
88 1418
64 6154
27 596
96 9214
7 7371
60 3306
97 4834
24 4853
80 520
27 7794
86 1466
72 5445
8 7272
88 8100
20 8597
16 7553
93 4754
58 7591
60 3358
87 7810
66 5687
20 260
14 2436
29 4102
69 2870
57 6732
79 6075
96 844
75 3317
25 512
86 5723
72 58
96 8175
39 2184
59 7296
23 6984
32 9504
33 4301
91 1481
9 5506
3 2859
19 558
62 4121
29 3657
14 3333
93 7183
68 1321
59 1075
88 9095
84 1365
65 9715
47 4391
26 6256
64 1468
93 4232
20 2881
19 6129
49 4721
80 2092
67 7588
9 2127
26 1160
19 3221
36 1315
57 4148
57 135
61 752
9 1479
95 2590
25 7977
95 4091
90 9373
20 302
3 4845
24 6540
10 1828
38 8187
17 1828
70 7624
100 2515
16 3645
37 3670
79 1677
59 7953
47 7138
16 2989
17 7289
83 8075
34 3916
57 5657
63 9617
25 2130
43 1985
73 7050
97 8027
83 203
76 5417
66 4553
60 2756
18 2845
55 9444
25 2000
23 122
34 1414
18 5794
74 2061
76 9075
86 2502
23 3209
96 1027
21 6292
89 930
73 978
94 9
55 923
77 5138
17 3804
91 7913
90 7254
80 7300
23 2903
3 6370
55 2730
35 2439
75 5227
64 8135
73 4349
54 9504
8 5519
34 7438
96 3180
62 3145
60 962
8 6577
73 646
93 2973
29 4197
12 5536
36 1230
17 3533
57 6159
50 4621
97 9725
21 4527
7 8984
46 575
92 6589
39 665
5 878
54 2943
5 624
53 5626
12 7843
25 1150
36 3591
47 7329
56 7805
42 6910
82 2780
3 84
93 533
13 6100
62 1048
6 5291
70 9960
29 2140
29 7581
72 1779
41 8457
49 9445
46 6126
11 4699
17 1181
16 6065
27 9473
80 9594
83 3006
37 5334
6 7588
33 5639
66 1065
19 8400
33 7509
97 3439
79 2639
46 4060
70 745
63 4770
50 6519
68 559
44 3062
4 9191
87 1227
4 7005
1 1769
24 1348
97 4567
31 1666
53 2001
18 9174
87 669
98 1580
25 7729
61 2159
26 3268
13 735
53 5170
63 1571
12 9236
91 1712
65 4751
61 7546
68 1755
88 8218
66 9943
89 274
16 7580
38 9389
70 1887
31 810
41 7322
20 9882
27 3021
12 455
94 1985
58 3000
37 8830
51 1458
6 366
35 50
95 8593
71 120
18 9314
54 6118
78 9161
6 154
92 6563
77 4855
73 1135
17 5051
94 1946
53 748
22 8062
45 260
67 2886
40 2719
8 5269
55 2051
33 3800
21 6736
99 2793
17 6183
30 5317
60 3759
84 2400
36 8358
71 5272
43 7781
78 407
96 7687
4 8253
19 3036
86 8429
79 5961
2 950
65 6386
27 7158
38 4842
39 1594
97 1034
94 9769
74 9936
10 97
82 1562
40 5585
24 8500
32 1850
43 8607
51 8288
41 2770
24 1589
68 2084
1 1159
7 6939
64 921
67 5759
86 9024
30 9299
57 5471
76 4197
84 9989
20 2947
91 8276
70 5520
42 6198
46 1655
59 4059
95 3792
42 4838
1 3233
76 9737
39 9959
81 7086
14 5285
54 728
86 2427
71 4537
82 3371
50 1349
78 6200
36 3574
38 8352
32 7618
34 572
77 5530
32 1045
43 6468
1 7529
17 2635
100 7758
41 582
24 5942
32 5750
40 9300
76 4100
64 3246
27 202
25 4084
90 736
25 8896
46 6171
84 8718
93 8753
25 9774
41 8256
69 2071
44 31
57 766
15 2981
59 2359
25 6009
12 6668
18 5929
91 1100
81 3871
91 5413
1 8065
76 85
83 7912
7 9869
45 3827
37 7367
93 4989
39 5866
13 3948
47 9660
53 5772
57 1111
58 667
51 2671
46 3926
49 5875
75 7044
30 5537
64 17
59 3935
2 2062
56 3816
75 583
40 2083
25 901
76 9338
77 1301
25 5865
38 2696
26 8630
52 9789
95 1745
7 76
72 6491
85 4820
80 7196
59 6808
46 5375
39 1157
21 433
67 7223
58 554
72 6956
90 7626
30 3129
40 1528
95 8491
49 8055
18 4193
31 2619
49 4057
91 2283
44 6440
2 1494
28 270
94 1034
32 3593
36 9027
43 9081
17 4962
18 5908
21 3246
67 122
83 2783
7 6492
71 4616
96 3144
64 4772
93 4936
18 5413
82 3468
22 6953
23 1829
31 430
25 7700
54 2152
95 5042
65 8384
21 145
89 4078
14 5203
59 4203
54 2250
59 6576
91 4639
24 1396
2 7206
59 3124
88 1042
27 2531
10 4821
36 7044
32 5675
3 8101
72 8776
10 6431
95 8623
37 6891
16 2453
55 9783
34 5189
56 1961
46 9924
43 4660
88 5944
48 8585
90 1669
89 3199
81 7480
8 1814
61 5448
47 7272
83 2345
43 6449
37 2354
50 3889
24 1826
52 6191
40 2047
63 5776
25 4079
86 104
82 378
51 6049
71 8495
17 2730
27 6039
16 8673
53 5863
22 7668
29 1466
30 260
83 5390
87 1420
36 2141
67 3633
86 5823
4 5162
97 6142
51 8433
73 2362
71 2314
66 5646
21 1811
29 5971
22 3597
5 8515
100 3211
70 9553
36 472
45 1831
83 7262
96 7152
67 84
11 6759
73 2296
7 15
53 285
6 5813
22 6342
76 2291
26 6612
68 6983
84 3388
94 8051
80 8269
75 885
30 336
61 4106
12 4993
25 7551
17 8061
2 760
10 2924
68 7301
26 8257
41 49
56 1808
50 8492
61 4383
37 220
71 9680
26 5520
10 6702
32 8325
8 2726
2 284
70 2489
65 3964
25 7535
71 2852
98 3725
12 68
66 841
80 4956
29 1662
33 8228
61 6140
67 2238
49 4849
5 7049
66 8222
34 3176
42 2515
48 7363
55 9677
55 1659
22 785
89 467
17 857
81 6430
38 3630
90 9844
5 102
85 2921
88 5137
53 7583
29 6367
73 9194
59 4180
84 5988
24 398
97 6595
2 7654
21 504
73 21
33 4954
25 5034
58 5666
33 2281
68 6967
91 869
27 2829
80 4145
4 9450
34 2004
11 3241
28 5611
28 5283
94 7188
64 3962
66 8600
52 7319
82 3559
4 6359
39 7179
65 7458
73 7222
23 5757
68 1261
99 5344
35 6842
20 5353
63 8412
12 1794
6 6882
52 5761
99 1272
43 5695
85 1536
1 956
56 324
51 6689
40 4011
18 4933
49 1211
96 6420
49 4190
72 5852
96 1224
38 6650
1 4408
35 885
78 4813
42 5305
97 3163
38 8552
52 2733
66 8939
46 1229
95 4527
79 5746
29 4206
50 5258
13 9402
100 4728
93 2354
96 6543
68 7150
77 4256
43 6749
4 2816
48 1074
66 4750
38 2170
32 7971
54 8769
53 3179
57 4982
96 7587
30 732
79 7860
53 5090
59 239
55 7973
9 5657
72 8148
4 9512
75 8820
8 2206
100 789
62 9046
36 7493
33 77
68 404
68 8900
55 168
13 6115
30 5794
78 9855
13 6832
90 3327
48 1300
90 9675
37 6613
88 1958
4 9492
83 2830
28 3362
53 8497
47 5184
98 1555
33 8103
46 477
25 9082
96 1624
33 8344
3 5370
83 9990
38 1600
36 3180
55 4653
100 8351
33 8946
94 1872
50 2591
5 2178
6 5320
51 529
29 5723
69 8786
75 9185
52 8885
38 916
90 1682
75 3760
51 4547
61 6428
34 9422
62 7819
47 1351
64 6462
47 3459
95 7372
46 3503
47 421
55 7954
61 3587
20 8736
17 114
36 8593
19 9266
71 2337
26 2747
45 9513
83 2816
6 5727
2 774
7 3081
94 3991
92 4215
24 5858
1 8850
23 3286
63 2703
69 1375
53 3849
36 8639
63 8238
73 1793
1 6344
20 7482
71 8992
46 9985
15 7086
80 4400
83 4387
20 2651
94 186
17 8609
89 9500
26 6897
70 5332
15 1503
71 9538
99 1078
99 6852
89 4464
54 3506
42 1268
63 9656
82 9696
19 6873
95 9671
39 7122
46 4524
44 2366
19 7136
38 4600
100 3193
55 9125
32 8067
30 2723
57 3819
76 1693
11 8362
33 9729
23 1150
78 1827
49 1279
78 2339
76 8945
26 140
22 6341
41 7967
82 8149
48 9952
8 9552
11 6558
78 3010
4 1577
41 6024
75 5455
70 1907
86 5000
49 3931
74 6659
17 8885
74 32
5 9784
92 5423
11 988
65 569
95 580
24 5710
58 4142
86 8478
24 7273
29 1436
50 2518
10 7744
68 1266
91 2892
70 1539
5 3777
13 992
94 3410
21 8198
63 5129
1 2760
43 8441
90 9495
43 1621
87 6147
65 1487
72 944
67 1475
46 1789
50 5828
55 1505
82 4247
58 7286
15 351
33 3674
44 2313
33 4884
40 7769
90 7684
10 1988
96 3246
13 8640
36 4249
80 3208
31 3955
2 3941
44 9719
13 4378
24 1473
84 3886
87 8721
58 4703
40 607
77 5925
53 3038
36 1700
17 1891
68 9607
22 7976
21 2793
66 5548
59 7685
32 2830
83 2706
63 5690
24 871
43 9283
97 2181
70 9073
16 6052
37 1756
75 8478
55 4730
83 5852
70 1238
2 5677
5 7074
62 1198
96 2126
86 5063
30 7561
19 9074
80 8710
63 225
75 7683
76 8816
44 7447
33 4569
85 4362
73 5287
67 6090
52 4605
34 5595
77 599
5 3534
69 1185
18 2965
17 1015
67 4997
74 7149
11 397
42 5792
67 5590
21 3356
49 8252
82 2272
26 9229
74 3455
10 6431
39 3992
40 4854
49 2568
55 9878
91 1198
57 774
90 6863
37 9430
89 540
86 1842
68 5521
61 1048
82 383
7 1990
85 3404
61 1463
33 393
44 4064
24 4612
41 693
44 2271
20 8850
13 577
46 2487
57 8604
65 6499
9 2879
39 6724
6 2412
94 3118
44 1228
15 5291
17 802
40 6545
37 13
75 5434
41 4402
84 1136
29 634
38 2135
78 3672
23 7264
60 4541
69 283
49 367
91 3228
59 2072
7 6306
2 5435
71 9556
8 4300
31 4076
4 1440
95 2489
65 6674
49 5359
81 2488
65 3714
14 2453
71 4979
67 2705
17 8650
78 2838
38 9460
33 956
6 527
38 1367
15 3156
91 6447
83 9636
94 3937
47 1239
57 4404
15 5600
42 6926
75 2325
45 9864
50 9277
98 4335
48 2427
44 3245
93 8762
70 5176
40 4697
82 4472
69 6714
67 6031
7 7110
91 9060
85 4547
60 1104
7 392
94 3197
84 7951
58 7436
13 6668
70 166
4 974
92 2517
50 4516
19 4244
89 2498
12 1092
75 8564
26 7008
71 5122
28 2659
37 8276
22 1577
100 4920
42 8612
13 210
36 3264
31 8515
37 5784
33 4989
40 3706
71 5941
69 8392
29 4986
38 6321
25 998
55 8704
95 563
66 7555
1 2303
15 1630
95 1027
64 529
49 5680
52 200
4 8443
81 17
91 5099
59 1731
54 9552
63 445
50 486
56 2573
90 2859
53 130
41 6861
47 8628
45 6423
37 7474
55 334
57 1052
92 6535
32 2323
80 8203
77 1581
70 5389
30 5886
3 7611
28 4275
61 100
43 3056
94 1066
29 4573
85 4727
99 524
2 1588
89 1998
53 9176
51 679
56 894
31 7407
32 490
66 4522
28 9965
41 1114
90 2711
89 3764
21 8189
22 7265
4 9755
23 5317
55 6587
26 9525
19 7303
21 2660
89 683
42 2575
1 5567
23 5755
53 851
17 3227
87 6603
38 8902
2 2750
68 103
66 1882
44 6711
9 6490
59 185
22 107
87 3988
72 2491
73 519
74 2354
82 2663
97 8214
52 9116
5 9786
34 1565
5 2838
54 3785
34 6973
22 1545
71 3258
89 6130
98 3341
24 7902
44 5877
32 7501
49 3614
54 312
94 6333
52 1815
100 217
13 6835
50 2253
13 142
10 7451
81 7570
36 4563
66 5112
18 1012
64 1322
7 3346
44 9851
94 8665
43 7445
34 737
3 1026
60 7954
8 9007
44 1130
52 1071
96 1229
42 60
21 2716
45 2179
59 5385
39 384
39 3738
36 5031
83 2316
81 2022
26 7753
5 5447
13 3005
46 8826
45 2550
95 8530
33 10
17 2430
62 9134
31 747
33 5284
74 440
81 8836
88 571
90 7630
61 9522
98 2190
64 445
22 4706
16 714
35 7000
38 5616
65 2059
12 8384
47 944
38 9832
56 2252
52 3291
53 2296
21 4062
61 9768
74 8035
34 5192
2 379
88 7880
1 6616
10 4073
62 9953
71 2824
65 2538
51 1611
92 2979
44 7162
22 2719
99 5184
34 8696
10 1073
69 8704
65 846
50 9051
47 1143
45 2156
60 769
86 302
69 9848
7 3188
36 310
65 7634
52 9141
26 1725
47 3201
39 6032
22 3218
25 3585
16 2345
53 2020
71 1368
20 2175
88 7031
46 2717
45 1700
63 1686
16 5322
3 8542
5 5574
34 1453
12 2230
25 2160
84 1666
46 3951
27 8592
98 3214
72 1987
63 5191
85 1907
19 1623
20 9667
19 1992
60 9567
4 3280
99 4868
46 6104
31 21
26 1535
22 1834
36 288
94 4828
49 6625
93 1919
1 7245
32 9087
96 1509
54 1598
93 1122
20 8908
72 5023
62 1992
53 5252
24 8966
57 6981
62 8466
24 2301
29 9236
54 4613
83 3877
58 5290
93 5200
77 2462
43 9132
61 8701
39 1081
21 2546
30 169
42 8763
35 1634
71 3083
1 4561
65 6142
100 6337
66 6834
30 8828
55 1029
20 5985
11 169
18 9398
26 7407
11 8464
49 4691
70 5345
100 4644
56 2465
38 5559
7 6912
15 9948
94 9130
88 4081
86 8765
35 7077
16 119
85 4848
49 548
56 833
82 838
28 5897
60 8325
100 5654
2 8842
5 5730
16 566
51 5533
84 9720
97 4440
79 2239
42 804
7 2621
71 7850
6 4525
79 1788
85 2630
40 7899
74 2639
16 1003
42 4486
64 2212
67 8828
84 3931
66 2083
83 8832
36 3291
13 3257
3 1449
14 6127
98 7065
16 2294
8 8438
19 6339
25 71
84 6346
29 6060
84 9222
38 1561
50 924
84 5906
48 9314
87 6985
10 235
1 1971
40 1158
69 3857
86 3593
23 4734
36 1384
28 4500
62 2091
36 2101
80 6574
7 6886
46 3210
37 9982
40 9700
2 9408
96 1220
85 1428
56 5561
34 5453
1 604
89 5399
76 1570
5 6991
44 9558
58 1320
76 4150
91 3947
99 9468
47 510
81 480
82 3208
20 2139
26 1700
71 2015
11 2356
33 5766
19 1721
38 8265
10 704
45 2051
42 4302
45 7428
42 2911
97 4825
84 1099
41 1132
71 3755
36 904
46 7610
15 6033
18 1631
19 2433
14 4091
62 133
36 1518
46 9322
19 1806
34 4722
47 4971
89 6395
9 7228
36 578
76 206
51 4643
55 319
91 8725
80 1366
55 3172
23 5845
68 2510
11 1873
53 5875
78 3698
71 9942
68 2342
18 4969
66 7322
56 6728
15 8284
38 6933
50 1163
83 4036
93 5136
31 2535
21 7729
89 9725
35 5234
4 7126
23 2783
61 7066
31 8265
24 3323
87 8909
39 8632
66 6427
63 564
79 4420
52 8742
16 3077
69 1522
99 9588
32 7240
40 553
31 475
82 3743
19 2901
1 4235
7 681
91 6924
100 8169
86 9635
56 7545
45 709
1 5220
19 6350
48 7581
100 1449
85 6120
33 3341
89 9771
98 1434
41 2623
46 5541
28 8251
83 9248
100 51
31 8397
5 6332
6 8052
83 3140
68 4371
77 144
57 7974
17 1958
87 7367
34 844
73 9815
99 1472
38 1262
10 921
87 7328
42 9054
24 2529
92 4598
100 1882
24 3311
72 7579
94 5091
54 1235
67 4248
14 7423
46 5975
89 3023
78 7520
84 5967
6 2795
47 8325
42 1090
99 1798
67 6461
92 574
66 6606
7 7439
97 7519
63 7945
27 7016
94 9324
70 1125
19 5370
73 1671
62 8016
26 2730
95 4038
96 3831
50 5301
2 795
62 3304
93 3960
49 9207
14 8970
40 9456
62 2652
11 2678
77 2540
23 7503
25 3197
50 4024
13 7724
15 5372
9 1621
82 3157
99 150
46 498
67 7444
49 6393
32 205
96 7295
51 9150
52 2582
99 1846
76 246
85 1434
1 4400
68 2298
10 8942
32 6100
99 975
88 760
63 6146
30 3660
25 768
67 3969
28 2095
50 1797
43 7924
97 5418
12 7369
49 5782
34 575
89 1885
69 469
26 6205
45 922
61 1912
23 9952
1 343
31 3426
31 9452
21 199
28 1481
6 1383
26 1615
13 6205
93 4010
39 5006
67 6667
72 3081
65 7542
27 7887
36 2734
52 725
77 5293
60 952
97 9528
8 4288
28 1921
6 1128
38 9711
84 9804
38 9484
42 5636
22 3278
79 81
35 4712
30 8854
31 5409
31 7449
33 9142
71 5417
64 1819
16 9985
10 7975
42 1886
9 961
49 3086
79 102
72 2506
2 4797
73 1110
32 8988
71 3526
85 5803
28 3747
89 5353
98 990
96 399
52 2019
74 6258
20 3874
16 3069
84 5611
60 2126
97 2840
84 3519
60 1519
62 6168
4 8167
39 6227
94 7883
77 5761
39 4558
81 8555
79 8062
69 4522
74 1099
58 1259
20 4346
2 190
17 5957
40 3726
26 8533
79 422
17 1763
88 8209
39 5531
6 9491
100 9570
8 3254
14 7657
86 584
49 8594
100 3363
7 3667
36 6220
72 6665
100 609
48 4015
15 3213
8 2623
28 2493
21 7000
99 1272
87 2193
53 6218
25 4989
94 5090
89 2415
97 269
47 5359
38 7746
69 798
26 9648
22 7238
44 9908
71 4550
47 9040
53 13
21 1432
77 692
26 2846
100 4417
75 7057
78 6873
37 1009
97 310
33 2359
89 745
5 8931
28 7650
20 4869
75 7902
62 4256
67 6928
14 363
81 8819
29 3290
14 4942
24 2797
32 2841
32 2136
33 9583
83 3251
45 8853
58 9602
69 1034
74 1895
20 8527
84 6534
83 7513
37 6826
53 5813
25 5846
97 203
74 9759
6 6678
59 1112
82 1651
71 1981
54 2328
60 3717
98 6119
19 3778
82 6066
53 714
72 6177
87 6875
43 242
10 9098
63 1249
43 7149
93 8537
21 4618
30 9625
82 4639
7 5562
51 2548
59 9040
6 9982
69 8415
2 5317
95 1968
46 2168
40 6164
1 9775
45 1000
26 8081
18 6825
50 4087
75 1258
86 1216
59 2276
31 6583
12 5038
71 8963
92 29
62 3613
97 6877
1 9959
72 4192
49 2123
99 2551
59 5729
46 3743
39 1861
74 4478
94 696
5 7214
33 5526
5 2296
22 5849
69 8085
21 8092
39 9233
20 338
67 433
63 8535
32 3638
95 6103
12 2515
43 2270
35 3548
31 1504
42 607
12 8298
38 8103
16 3064
18 6318
100 2152
44 7539
83 3455
88 2013
13 8923
38 2175
92 809
19 1852
78 1624
53 1212
31 6590
2 2016
88 4729
30 9922
88 5864
28 9489
78 6715
47 476
83 7832
40 2620
70 9648
63 2407
61 8753
6 2562
21 4381
42 6551
40 1739
25 952
6 4941
90 2626
83 5105
54 3381
31 3612
7 3059
88 2052
28 1431
23 748
8 4297
15 7206
50 5407
11 2516
36 1589
86 8335
14 9024
77 9964
78 5727
23 1708
30 9267
28 9426
1 3249
76 7531
58 1414
97 7017
93 6906
52 1808
31 7704
48 4453
56 4685
36 595
47 7791
37 48
6 608
79 4959
82 7747
100 4423
93 6414
9 4053
42 3792
77 6925
58 6709
47 9959
33 2264
28 7832
42 2680
38 1101
38 910
51 4655
41 1598
28 6980
47 2140
39 8082
99 9793
22 8698
94 814
7 930
94 352
17 195
39 3989
76 3972
22 5981
84 6967
100 4757
10 2467
69 9360
96 7185
29 5095
33 1867
59 5267
64 6914
32 1287
61 3167
50 9123
61 3884
74 4967
7 8947
75 709
47 3671
21 2267
70 1379
28 3039
85 3360
68 1979
31 922
92 4891
94 1445
10 9508
41 2524
23 648
51 5226
63 9383
70 9741
2 4856
6 9527
88 1864
80 2967
79 5346
10 8887
7 4721
44 9607
43 5362
84 8939
18 796
10 8800
98 3796
43 1253
68 4141
4 856
56 1053
57 8446
63 2998
51 790
66 4706
28 4448
28 3504
77 4266
76 5247
82 7804
16 4264
61 9317
82 3778
34 1829
85 2704
45 477
75 2109
36 4403
36 4442
87 394
21 1415
45 1858
13 2305
97 7692
7 8827
17 7584
34 4512
77 2306
66 3207
99 2419
20 6792
25 468
51 9935
96 6976
76 7695
88 5466
63 7640
9 7461
83 587
96 9123
36 3949
60 5120
39 5467
74 751
61 9342
94 8549
7 1919
69 213
66 6620
28 8572
15 8043
51 2750
29 1262
78 8737
26 1607
66 9784
54 1406
27 1154
66 6546
28 5781
32 2381
84 1348
24 9082
64 5545
50 4427
41 1663
92 9030
99 1599
79 3728
26 461
70 5181
24 7348
3 2166
83 5424
56 8188
8 8810
31 6092
12 7545
45 3076
90 3206
57 4725
18 9857
49 761
81 1651
89 4967
68 5779
74 3844
49 5933
77 764
99 4336
17 1858
81 2167
62 5492
34 3930
86 5251
92 4694
89 6289
87 4058
60 8828
11 6227
91 1242
65 667
75 6693
49 4413
93 217
59 8828
60 43
40 164
49 6397
51 2897
97 9679
9 3487
38 5304
24 8002
42 9846
31 5095
1 8994
55 8395
5 5543
25 2570
82 2644
28 8202
3 9024
39 3562
35 3102
6 6901
33 1457
37 1211
18 2594
78 3793
11 6991
9 2776
90 2070
92 6140
36 4307
40 2174
70 7574
45 1828
96 3337
96 5103
17 9008
23 6765
49 5009
73 7009
91 9158
48 832
87 1697
7 7468
15 6191
68 5606
12 2384
54 1440
27 1943
30 7441
28 8541
87 8444
48 2154
71 611
6 4710
72 6472
43 2333
43 2421
26 882
19 6589
52 7253
58 6866
76 7431
52 6103
51 1789
48 73
91 1220
18 1994
61 757
93 7694
100 7033
50 8874
44 7934
45 857
87 8026
65 4001
33 3023
46 54
10 896
48 4509
20 1635
37 3124
45 8983
91 3376
47 440
49 4566
63 1169
20 5470
83 8114
88 2341
67 7634
91 8322
37 8678
96 907
64 5250
21 8057
34 9567
56 58
22 462
2 6661
17 3164
39 3379
98 7335
89 9500
71 5200
16 367
66 5233
75 9079
38 6801
49 7994
59 6758
72 9059
83 6618
66 2707
21 5313
5 9603
98 2137
44 9117
79 2307
25 5116
74 6161
79 2337
20 4609
89 7783
22 4617
24 2713
87 7171
67 9043
69 8459
77 4663
47 6982
54 4705
39 8598
23 9596
12 1116
88 1222
38 2605
79 4641
65 567
95 7932
66 6757
85 2066
7 9266
1 5985
90 5403
12 8958
8 4408
28 3687
44 5036
13 8232
78 7050
7 402
36 3547
60 7577
12 1709
91 1165
98 9726
8 5884
16 2378
95 5381
56 5169
35 384
12 317
4 1949
1 3042
61 1274
24 7190
33 7224
88 8179
40 1504
38 4891
64 2178
2 204
14 6831
15 4100
99 8104
99 118
91 4869
75 5693
49 4107
85 8849
27 568
36 2408
78 5472
6 2031
21 6846
59 760
99 1043
9 2278
67 7634
6 279
91 5312
41 18
3 2870
44 849
27 6761
58 8864
47 2491
69 3527
87 2611
50 6340
14 5163
59 8221
38 9816
76 6373
77 9391
30 556
11 9078
85 9276
36 5977
41 6049
30 191
34 1368
38 7324
46 9004
95 8087
35 1453
76 2542
26 7202
56 5305
79 1392
34 3261
26 2827
26 691
90 9708
36 5848
20 884
15 9429
14 2049
27 2641
28 1710
67 566
66 7888
74 8977
51 8654
54 5230
10 5344
1 8772
12 8779
64 6189
69 5003
61 6969
74 7667
61 419
86 4002
86 1620
47 6614
97 2390
95 805
20 6220
28 89
62 9296
53 3644
91 2748
66 1125
85 2526
54 1793
11 2198
98 806
13 3857
57 7731
32 3035
2 4172
39 657
66 7237
70 9925
87 8973
3 3653
72 3581
26 381
9 3600
38 5868
29 5813
32 1685
94 4659
41 6888
89 78
60 2960
31 8631
77 6141
39 4392
61 277
61 2095
29 6438
54 5386
40 6928
29 8197
5 4369
97 2976
14 1184
92 149
47 334
60 9128
74 8602
8 2496
53 8836
61 9653
72 8596
21 7274
89 9468
76 1164
13 475
50 7931
29 5396
84 3834
28 2046
1 1986
91 9773
39 3772
94 1697
74 2062
9 717
1 6740
28 3498
73 579
90 3773
94 7659
100 7479
67 9611
43 9996
68 3578
55 8455
93 7603
27 9995
46 1375
49 7884
45 1882
76 4671
48 2319
99 1968
95 3573
68 5139
92 1790
69 4461
13 8301
13 8435
78 7576
18 1891
48 991
41 6706
85 5644
15 4565
1 299
83 3876
71 4924
99 1052
65 2678
24 261
65 5118
68 771
20 2856
98 5728
66 301
89 4970
14 4399
45 360
51 457
6 5811
29 3914
21 6883
33 3267
88 632
65 1502
81 586
3 1074
54 8595
28 389
55 7803
67 9169
48 372
38 6634
13 7863
21 7102
56 4686
87 3118
42 9764
49 7933
68 8954
47 214
95 5708
76 3267
30 8483
9 1803
95 2572
7 699
56 9145
45 9225
79 8102
32 8741
4 926
29 6560
90 2271
50 6913
89 1564
1 5542
15 5506
45 2712
76 8285
7 6259
98 4395
60 7124
16 4097
23 259
74 877
97 8707
6 8796
88 1144
42 6140
89 2840
78 2373
53 1397
83 772
86 9530
85 1448
69 3940
100 9616
23 4243
13 4708
32 8849
55 7972
91 2210
59 926
28 5869
65 9556
6 1290
8 5356
97 9324
42 7050
35 6785
27 9787
12 8823
70 8259
12 801
5 4986
4 2363
9 5923
41 7402
38 13
48 6920
92 7149
61 1406
26 91
31 5282
89 796
39 9412
85 9648
56 372
3 5101
62 5718
66 4540
2 6424
16 9410
54 6003
32 1586
90 9808
45 5536
65 813
28 8985
56 96
86 450
39 9756
16 5742
57 4610
20 5828
63 4249
80 1344
32 8752
52 5097
99 980
39 2307
92 8302
14 7782
52 3470
87 7278
43 4542
56 6436
59 4800
62 8381
75 8585
39 8114
57 4594
74 672
32 4253
54 4400
24 6101
37 601
67 7193
47 6165
4 6282
53 5810
34 8723
83 90
43 1705
70 7941
37 2066
6 1613
73 6827
56 626
11 7157
89 9647
69 3615
14 8797
27 5066
86 2182
30 5257
89 2717
39 999
16 7500
23 6734
69 7630
44 6917
29 9662
91 8425
42 448
48 2720
82 2383
90 2106
4 3750
91 5992
69 6546
18 9346
68 7271
39 7987
26 1203
83 9096
29 6256
97 7721
42 4814
47 4279
28 3904
25 1687
87 3366
98 5869
17 6219
45 605
64 880
16 9373
44 8808
18 7327
18 181
58 9870
37 5459
1 5623
75 8836
29 3915
59 5900
28 8593
22 5341
90 5537
44 1494
47 5022
29 7095
19 803
44 9497
28 3218
86 5404
73 4777
86 9712
67 7255
55 9943
44 1501
51 5867
10 4535
99 7501
83 1917
86 7694
54 1925
22 5249
12 9276
44 7104
24 8117
24 4286
4 9713
18 9085
70 5808
67 1105
85 1382
66 4373
31 561
88 2716
46 5994
22 6843
66 2250
59 149
67 5071
97 6694
4 9968
84 3461
15 2445
16 3715
25 9962
26 6201
68 9773
50 4818
19 9814
59 1380
70 5087
76 2725
47 5188
18 283
72 341
2 7236
26 3274
48 6007
89 918
44 9339
85 4958
40 1095
61 7532
54 666
38 5391
72 2028
98 9461
85 7492
100 6492
41 8891
7 7414
99 2224
91 3563
26 4222
96 4947
79 1755
2 1524
14 8099
47 5688
79 8213
19 2483
85 715
57 4020
59 6128
31 7402
27 2893
67 6025
45 756
3 4620
89 2385
22 1757
36 669
100 1411
14 1509
36 9916
63 9355
3 6235
16 4411
64 1075
93 1985
82 2949
41 8425
2 7782
3 294
97 4021
2 8456
80 5979
15 2008
74 5700
67 2069
86 525
65 1588
30 1119
12 7603
23 2043
88 2943
98 9189
73 839
14 8934
49 2832
51 7597
60 9610
30 4118
25 3907
22 8190
26 9739
10 2470
82 5240
8 2630
14 155
86 4051
94 5250
95 3203
9 1935
28 8673
8 1497
43 4973
51 5009
20 5622
84 728
74 3706
45 8159
76 3645
92 7935
53 8984
25 4987
64 3332
2 754
56 327
97 2729
52 8062
11 9481
54 4028
92 7492
53 1810
27 6270
35 864
31 5722
68 1050
18 5666
12 7726
9 3163
51 3525
16 8600
71 2456
12 6222
81 38
70 2808
36 3667
93 1883
50 3107
95 3325
45 2071
60 34
57 9094
92 23
6 1888
58 499
29 8447
21 6298
30 6975
90 1860
65 480
73 5870
9 3818
64 2223
19 1184
78 5821
79 2455
65 6848
4 6825
27 2664
92 8293
93 955
31 8250
76 1426
94 2292
63 2772
38 7141
89 355
64 968
37 3462
20 8514
7 3286
51 3705
41 4973
54 3466
46 5307
27 7558
97 1547
81 8797
85 2694
95 606
60 6839
57 5180
97 783
30 1557
43 841
37 3280
95 2544
7 8533
80 8591
36 2882
17 3578
74 3018
79 204
82 7824
33 576
33 5141
32 8387
62 4398
54 2810
36 4122
38 7744
34 8307
97 8787
36 674
35 9408
5 808
53 7627
32 4570
9 8532
32 7708
47 6679
43 146
31 962
48 4771
27 9388
15 2687
6 9540
66 5522
45 4503
58 2121
17 39
32 389
45 440
36 5902
89 2892
41 8233
35 5442
66 5357
34 1787
29 2610
64 6301
6 9531
32 811
6 9798
19 3317
97 5890
34 619
4 7712
61 6136
91 3421
47 8861
46 6591
46 1371
14 9837
11 69
7 2708
57 7702
80 3495
55 8127
14 647
44 8915
16 8788
91 2198
70 2434
49 6131
5 2863
37 8461
31 4612
10 4569
31 8139
33 7002
3 6192
7 7805
80 1674
11 8966
38 2220
19 5050
13 8647
19 5039
90 2691
34 4673
90 5454
45 166
4 8771
70 740
69 5838
25 7457
89 4367
97 3659
87 9421
33 26
77 3310
92 3843
22 8788
10 1390
84 5722
88 4378
25 3439
15 1663
56 178
7 8420
44 2303
13 5522
93 408
19 5145
49 1416
80 5522
49 5652
88 7476
80 1859
84 9947
88 3408
89 7926
96 2861
21 5391
68 5657
55 673
47 5157
80 4501
94 3204
10 509
86 2290
72 581
28 4551
42 6503
94 5995
58 8622
57 7804
67 829
89 8013
65 1936
73 2834
21 3
3 3049
7 6914
62 5211
85 8065
86 8772
93 4013
39 3790
2 8770
10 7589
75 1775
68 2839
57 4199
29 9754
10 3865
21 7810
26 7906
8 8419
1 1729
79 1828
4 8956
40 7541
20 7681
94 6258
93 7727
38 2360
40 2982
53 5384
43 1980
8 8890
81 1266
84 5795
64 7014
26 1962
98 4362
86 3096
8 7157
45 4606
25 6057
93 2251
86 2421
32 1517
87 5035
92 8648
18 948
90 1093
97 6835
24 2173
49 24
92 8167
62 4982
42 6462
44 2246
97 4230
74 3901
51 6704
29 4732
42 4524
43 2711
89 6014
89 3480
74 9221
38 3556
15 1432
1 7998
12 7009
18 203
29 1246
40 6630
100 8934
97 6885
77 4730
14 6604
92 7404
65 1696
99 1043
41 9246
65 8223
16 861
90 3771
50 9298
92 5025
53 322
41 9714
36 8317
90 7797
49 2665
59 544
82 5581
8 4437
71 9663
64 9167
64 9056
99 5773
32 1862
1 8494
42 650
45 4238
83 7620
68 464
17 2611
43 2620
14 881
9 1307
48 4807
53 3697
72 3501
78 457
36 1012
88 6103
85 4424
84 2314
33 6080
83 6001
17 6359
44 7808
10 416
66 4531
73 9318
59 3282
73 258
58 8741
8 9312
58 2394
72 1588
44 4469
3 89
99 6583
53 7978
58 4386
94 1717
29 2395
92 3772
8 2913
33 510
93 5678
28 5206
92 9692
84 6882
71 2633
5 7319
15 1614
75 6850
53 2828
16 4338
89 7256
78 852
69 585
78 9247
21 5407
63 1746
46 2342
33 4059
95 2155
95 3514
39 2399
6 340
52 2074
48 220
80 7218
46 447
1 3499
98 142
26 7841
100 9010
57 3444
93 5691
75 3459
80 1289
74 8301
65 4655
68 6931
27 2853
76 4178
35 6621
94 5024
41 9960
19 3029
77 7946
54 7036
66 827
71 6713
81 2527
60 461
78 4201
75 5784
82 507
88 9502
69 8193
15 1742
6 1695
31 7231
15 6599
40 9547
63 768
55 8449
29 2531
25 8693
15 8888
61 1115
46 8465
44 8820
27 4949
45 1864
71 1456
61 7909
99 3064
85 3926
59 6915
31 9480
4 5400
86 7001
52 7555
81 3889
9 7853
61 7830
44 4283
66 9882
75 9381
71 7640
53 1642
45 5776
73 2034
95 8142
10 8596
27 1346
5 6778
90 2251
79 2161
72 5061
5 1717
98 3189
17 5757
29 6930
31 3347
88 5095
15 2279
69 534
21 1892
24 9247
79 1090
99 3617
1 7358
33 6704
63 983
97 8760
42 4762
26 7185
16 8753
25 19
94 8375
70 9900
98 799
35 7328
26 2373
89 9552
58 4981
92 6862
89 7740
61 9200
71 412
34 7027
53 4947
22 1681
37 3037
46 1926
24 7977
43 9600
25 1930
52 629
68 5199
58 3242
51 6453
50 1601
92 8812
15 8754
11 743
54 1229
65 2216
14 5950
25 8443
55 9218
41 2113
85 7450
29 464
64 398
88 3001
87 7444
39 6219
21 4913
98 9606
47 1790
71 2338
36 991
98 193
18 3904
31 4866
53 6720
98 1655
29 275
84 9562
14 3155
25 8699
51 8391
49 3357
25 4902
19 3906
69 2141
88 1156
29 8656
36 4486
1 9630
55 7802
76 5816
38 532
62 611
48 7982
56 3675
39 589
12 9722
17 5316
13 698
32 1944
9 9975
70 453
17 8665
60 2687
52 9088
73 8346
64 3377
2 814
90 5633
89 9013
40 4991
58 1719
16 9718
60 4073
46 2450
72 3169
82 1172
7 1853
87 945
41 532
79 2880
74 7660
93 7299
88 1022
3 1621
17 9848
23 3926
3 7121
100 6835
5 9970
84 8569
39 3475
57 9018
1 2580
33 6449
48 4045
10 4547
57 5271
42 2040
94 7197
14 5032
22 4973
97 8329
89 2740
16 1400
56 6185
59 8485
26 7976
90 372
95 4386
45 9921
76 162
25 3972
67 5236
60 7541
44 9057
55 2498
40 1710
58 4303
24 2038
39 3917
98 1492
3 8190
88 998
21 568
50 2927
24 1592
49 5036
92 6745
59 5513
99 4773
56 2772
10 9754
49 5746
5 4513
17 3856
99 6763
58 9197
19 9165
5 3319
46 6814
96 1155
34 8255
19 6801
30 7562
33 1359
47 1261
44 3724
18 2713
7 2832
40 7110
31 91
38 9722
76 9275
17 6682
58 466
44 960
51 7622
79 4957
35 7275
48 1296
1 862
64 7256
15 2051
69 1927
18 8786
33 1271
95 8013
93 9985
37 3462
3 1500
18 6110
53 9491
39 945
67 7771
4 256
38 1923
88 478
10 9564
74 6032
73 2587
92 559
93 9964
63 5184
16 3849
36 7398
26 3708
85 1445
23 9074
95 874
5 6560
30 5994
48 6362
29 3960
16 6017
16 1467
63 7293
59 2399
32 7180
89 74
47 6090
81 8482
1 8881
88 1342
62 8242
99 1690
74 3909
10 3951
9 8942
68 3426
51 2705
37 5068
55 3286
86 6922
29 7936
16 7605
45 5051
56 8020
82 3620
49 2657
32 2942
79 3274
90 4498
39 5577
75 326
66 3830
51 6737
90 8299
84 750
22 4040
38 2735
85 216
23 4788
94 1843
23 8317
23 5926
80 9292
72 3872
5 8494
1 463
84 6891
90 7418
92 9019
21 6304
76 668
93 2033
9 8642
99 1259
14 5694
2 9688
17 1619
19 3669
37 9748
24 1798
74 1553
16 1257
29 4116
20 344
49 8711
45 6211
5 8041
38 2013
35 3745
18 6069
36 1105
33 5817
92 3198
47 4854
24 2479
34 963
91 1429
25 5982
90 426
85 3287
36 5997
63 4364
36 8668
38 5156
76 7155
71 3664
61 1764
17 95
48 6519
10 7665
13 7525
35 9807
82 8591
35 7416
63 581
20 2527
71 4851
45 8019
17 4062
23 1007
27 704
40 7811
15 4752
33 7986
85 3302
36 9503
64 9565
13 3441
12 4538
79 4782
35 5052
41 2711
39 7508
50 1952
51 7607
96 9172
22 1089
76 8726
8 5629
66 7787
74 6290
86 6982
56 688
95 1507
17 92
52 9288
43 6183
72 8553
96 7222
2 7388
28 7326
41 2092
31 4958
52 305
73 3522
18 7856
24 9252
79 399
87 389
22 2012
1 6029
10 5823
79 960
54 2060
69 1042
18 6461
54 8651
87 7808
27 2750
74 3965
26 3271
96 4923
47 9747
32 7571
11 7269
9 260
71 2454
5 1257
55 1004
2 9144
20 8735
45 8829
94 7192
41 9958
18 1466
73 2032
7 1589
56 8546
55 824
19 1688
97 8408
52 9923
5 2191
82 8911
99 8118
45 3013
15 2165
55 594
60 7658
87 9480
16 8057
41 3283
40 9828
67 5583
32 2091
14 6232
5 1685
59 7505
49 159
84 8553
99 1508
54 2475
23 8686
85 1542
56 4940
54 5677
4 8804
35 6783
32 6747
71 1256
65 1411
81 8361
79 6228
83 5111
88 1231
43 4704
54 6718
13 9171
16 6672
30 6207
2 5795
85 7916
68 1011
38 6970
85 1283
27 9159
12 4905
46 4453
82 4734
51 2139
73 6838
60 5562
57 5005
50 7571
34 2755
50 2807
5 9930
96 1167
26 7469
26 5805
45 8707
100 4643
99 5252
35 4563
35 2843
8 3590
98 9437
90 8545
52 2265
74 4980
56 128
98 1541
26 6151
87 5997
7 4762
40 8929
16 7236
72 6964
55 3389
31 6267
6 8066
4 2833
85 9739
89 283
35 3497
68 4303
32 7471
21 6289
13 3442
31 3038
3 6036
79 8429
56 2493
98 2674
79 1275
11 820
87 8092
5 530
99 2249
38 3858
53 6646
96 1274
76 23
95 5683
34 2661
51 2986
45 4384
7 3912
8 9207
83 6693
9 1895
82 3160
54 2481
19 5714
72 2495
44 1565
80 4295
99 1695
45 8512
24 2035
40 7605
76 441
35 2233
13 3132
99 2282
70 8469
83 3720
80 2974
70 8199
68 7482
40 1492
15 7683
34 901
96 2500
94 228
41 9641
73 8412
17 1763
43 7492
84 8592
46 4029
87 1354
43 87
65 1934
53 9625
82 7761
75 2352
48 174
60 3863
19 5155
53 7944
5 6477
91 8162
94 4448
10 4636
96 6476
53 1401
2 8764
35 8748
66 7089
5 3005
41 4078
52 2604
38 6213
86 9686
9 2259
16 5463
73 2503
75 1807
7 8824
44 6391
62 488
72 5989
32 1411
71 9550
66 5773
15 300
31 6795
17 176
5 4960
28 2282
21 939
84 5911
28 4127
25 7241
33 2516
60 3741
80 9708
46 4026
68 3912
41 598
46 1771
27 4269
18 1871
16 4644
1 2023
53 8506
51 2229
61 2368
46 9741
25 1467
63 7050
8 1464
17 736
5 1919
14 5409
95 1019
48 2547
36 6153
49 2562
69 3214
71 6690
50 8782
12 4456
19 1707
35 1418
82 6123
93 5715
74 8125
98 9388
95 7949
87 3415
95 5430
42 4782
24 9063
45 3260
30 3049
54 5769
59 9248
22 8780
2 128
28 3212
53 5794
40 2936
79 5014
45 5160
17 7803
14 5507
99 7774
28 9906
25 752
73 5653
90 7867
19 6980
44 677
84 1961
53 3782
56 8397
51 6935
23 3199
51 2747
37 3996
27 7347
99 7627
71 252
64 265
96 6379
81 7029
8 6877
60 28
17 5720
7 3591
58 8150
75 1155
42 643
78 9362
18 196
86 9360
64 1546
59 3017
13 552
72 2953
45 5745
89 276
17 5846
72 1063
46 4431
81 6094
99 1431
70 5960
74 5421
86 1576
79 1720
97 5629
90 2778
57 3284
28 8457
68 5980
99 6058
70 8346
49 1566
68 8222
82 7042
5 7494
33 8386
88 8194
89 7182
2 5592
68 1007
69 6393
51 6363
97 99
23 935
30 4872
8 9165
67 9791
40 6319
66 3322
70 2890
59 5880
83 2030
5 9691
9 6477
98 2764
91 2
30 7230
48 1188
32 3504
7 7051
96 6071
70 4323
40 5996
65 6175
41 161
66 1487
68 7706
15 1940
89 4266
79 8499
19 4507
89 8905
37 162
1 4622
25 834
60 1357
33 8000
6 8195
26 1175
34 998
93 1757
86 9752
31 6725
55 3180
73 7719
95 5848
24 7837
73 8939
5 3663
82 369
80 5025
66 9428
38 5531
92 6550
36 2377
57 6141
91 2037
61 6478
28 5058
8 1837
49 6762
9 5763
49 2602
93 7889
14 5419
50 2308
53 4613
76 633
34 5520
20 8099
67 2251
19 3515
57 5216
45 7864
52 4887
42 5023
3 91
57 5660
78 1482
95 6258
73 7872
18 4495
5 8198
47 5364
37 1271
37 3427
53 6276
4 3289
50 3656
44 4751
38 3998
33 3644
85 8386
62 4829
36 2757
5 1111
81 1605
55 7323
79 2748
4 9500
28 2536
77 3294
76 2763
35 3887
15 1700
15 922
66 3006
57 6857
6 3239
1 7195
26 2003
9 535
34 1954
43 1360
96 2527
9 5481
81 8283
58 331
99 5626
38 292
66 8444
38 6498
29 5358
61 7617
70 3762
70 6865
1 1468
35 8107
93 703
86 117
51 168
26 4005
34 6696
21 4578
91 6072
7 2977
6 8360
13 1775
98 104
62 4362
78 7211
85 2581
51 9625
81 6731
8 1620
14 675
56 1133
93 9557
15 7943
57 3485
3 3676
7 8973
36 6208
55 4456
53 6355
12 4860
57 8362
82 4959
50 1616
46 4798
62 9385
1 5826
63 8183
44 4883
51 5873
48 6369
63 3616
6 801
51 7660
5 4117
23 8823
3 6832
32 2904
16 7560
82 9882
33 1725
96 6198
80 232
73 7983
57 983
94 3548
56 2729
44 8363
8 2005
75 372
87 3280
10 7820
91 94
17 1275
65 3048
9 2464
47 7951
48 7939
35 432
29 8955
6 8185
60 481
35 6699
28 8757
88 2688
56 3984
45 3566
1 954
75 9949
94 364
19 4262
69 232
64 7709
49 6936
6 1440
19 3429
8 6768
94 3705
23 7055
14 5702
23 1210
11 6280
43 4010
85 1433
84 9958
3 6276
31 1451
50 4124
64 718
27 7501
81 9073
44 3795
46 9108
63 5627
76 9982
39 8470
93 4189
11 2565
33 1050
72 3601
90 7472
10 6026
1 3966
78 8979
62 6027
3 395
3 7626
15 9743
74 302
3 6174
76 6304
25 3630
50 2030
60 4589
50 5766
77 3562
97 6404
49 6917
48 4104
95 8628
75 2635
92 8360
6 7732
88 4864
14 2006
75 1724
86 4252
99 3348
46 3400
87 7786
51 9415
96 1324
81 617
12 7167
49 6032
89 809
60 1639
74 5054
4 198
99 7278
27 1363
65 7868
89 9466
69 5393
37 752
19 5106
48 2357
70 8656
17 3304
13 6975
33 1327
54 3321
75 9623
54 1651
1 6009
25 704
9 2078
28 3877
22 6692
92 366
50 337
8 7647
37 5127
50 1228
23 3145
6 221
10 1741
100 9564
12 1426
99 241
87 2484
26 10000
28 574
5 3777
45 3616
95 1697
14 8353
35 1255
33 2902
32 4778
13 8147
30 2768
80 2593
14 234
5 5681
5 7663
5 2656
36 1781
83 5372
38 5271
65 2566
54 116
61 3096
11 996
6 8265
57 7872
12 3502
26 9698
1 452
61 7163
52 4811
29 4436
82 8661
1 1031
16 7711
62 5279
48 7743
26 3021
63 1119
40 8381
46 5673
12 9144
8 2036
21 2538
43 5453
83 9479
26 9497
90 298
71 42
80 1102
1 2624
6 5473
8 6290
74 2342
88 4462
87 1370
94 2525
61 8360
96 986
47 2033
68 677
3 4678
100 8675
32 4200
4 3752
77 2643
51 3399
29 5669
50 4457
74 69
47 1724
79 7138
46 8094
45 2586
38 9691
88 909
86 3843
18 320
83 5072
31 7078
73 4150
73 6364
46 2651
47 436
30 8665
51 2100
85 2530
40 2079
50 3524
19 7253
36 5741
65 39
66 7312
74 6798
90 5208
92 780
49 237
27 9650
73 181
44 788
24 7212
36 1626
50 4759
18 7336
9 5670
15 2321
91 7752
53 583
23 8083
26 2870
3 1092
10 1906
98 116
44 8878
86 7884
61 2494
60 1338
73 1903
26 7316
26 9429
76 4956
42 1654
11 2597
92 1846
67 6101
6 4593
8 8524
78 3504
98 372
70 1558
75 5913
1 6698
53 1386
18 7323
69 2897
3 2399
27 288
55 6412
71 940
19 3418
88 7646
95 6392
95 1559
51 5070
18 3924
3 8035
69 5443
96 2065
40 7877
40 9574
34 2453
18 9500
90 9671
86 3355
17 1700
25 3036
99 9173
48 2753
57 814
9 5316
46 1102
15 1486
32 3139
7 9241
41 435
18 8712
51 7960
65 7669
13 2988
47 2075
99 7590
38 421
96 7315
33 3766
53 2392
96 7707
21 5175
52 7918
63 4993
53 7020
100 7163
9 2089
14 2419
70 3058
28 8597
95 7764
34 2345
75 1739
99 7807
31 2350
53 8958
85 1081
73 5753
44 6170
36 2484
18 8945
9 9733
80 8193
60 2622
53 3804
22 8426
29 142
78 726
83 7912
79 6562
97 4256
55 3128
7 7335
48 2620
66 684
53 884
47 7775
51 2763
79 2808
57 848
24 1721
36 7348
61 8369
23 2980
2 771
94 1364
3 8070
100 2381
90 6510
11 5735
67 5963
59 3723
79 9952
60 2738
62 7319
44 5938
61 611
98 2107
48 7830
64 8684
5 6900
86 2940
93 5207
28 6917
59 628
18 1395
10 4879
2 5550
46 6667
22 3556
2 5940
66 4988
100 720
20 9622
25 579
30 134
55 3794
88 1122
96 8219
83 730
29 931
41 8840
35 368
30 7480
76 24
78 9289
78 8489
36 6117
39 4282
1 8686
73 3201
26 6185
76 6471
16 3151
79 1418
81 3297
12 7874
71 4717
63 8198
94 3343
62 6879
55 3113
50 2076
36 8469
4 4440
95 5498
82 649
53 6718
24 858
73 3675
59 7484
5 661
17 2824
89 4778
88 9737
88 3531
55 536
35 8379
87 7719
82 2213
51 1857
40 3667
54 706
86 9868
16 2099
85 7517
27 7465
8 2652
11 7439
96 4952
21 9185
66 6693
100 747
48 3079
40 960
68 8541
26 879
29 4208
4 6755
68 4796
59 2858
58 3070
23 9705
82 1822
90 1518
74 8575
47 806
25 5269
4 9248
15 2614
1 2945
48 6900
43 2297
74 7242
57 6710
14 4453
94 1176
57 9973
27 8148
87 7284
78 9613
95 854
32 10000
97 9954
71 4223
76 4256
43 417
20 6067
37 1655
75 3065
52 2386
5 48
20 2611
30 1435
36 9571
87 6406
32 2724
21 7174
83 6695
49 9700
65 304
91 8220
80 2952
14 4769
13 5409
47 2148
1 2895
97 1044
65 3636
48 840
21 812
45 347
95 8299
26 4790
56 1956
87 2789
11 6875
3 1059
43 189
99 8295
61 1999
63 1299
33 2948
78 6234
53 1011
33 1747
98 2616
35 5755
12 8538
79 1135
16 4141
53 218
96 4233
14 2268
69 138
78 5724
8 1849
15 272
19 91
8 7130
33 6873
59 9588
96 7488
59 8608
86 3785
28 2745
42 9980
56 2318
68 4656
74 8752
44 870
61 1626
35 6295
47 6224
7 4699
14 1803
52 876
55 1668
90 9066
62 7599
49 1905
45 1867
86 6263
44 6599
4 9642
88 9287
95 3289
22 1590
92 4194
91 8190
93 5516
66 6582
82 3590
37 1003
28 8288
87 5219
93 7208
54 7086
85 2616
100 8205
75 7133
48 4520
31 3900
10 538
50 2544
63 7072
50 5815
62 6050
96 3101
5 9713
43 7225
20 514
43 455
66 2697
14 7030
14 2233
13 4291
98 3579
2 4805
9 574
45 5866
66 2254
93 7234
75 1352
53 8411
15 4556
6 2476
75 2484
78 8855
11 6565
97 7560
72 4803
15 259
37 9161
7 8173
39 5897
42 2361
25 3921
87 9782
12 1887
13 7735
6 2471
5 1779
45 2226
46 4366
39 5033
3 2328
3 1362
100 5092
14 4138
19 9004
55 8964
100 9443
16 737
2 5227
55 8080
97 4041
7 7800
37 165
50 3556
84 2630
18 782
10 7821
71 7311
20 3600
69 1557
24 5131
19 7718
3 978
35 469
24 9242
82 1379
83 1208
98 3991
77 1034
22 4081
59 8501
42 9435
9 6127
40 7377
88 7038
58 3571
21 2752
25 2200
36 5581
33 1062
53 7561
78 1487
18 5102
47 4669
77 618
57 5202
35 3285
18 8489
69 3862
14 4545
74 3110
57 2507
18 8133
6 9634
38 2779
12 2331
91 5986
99 4669
35 802
74 3634
37 5213
54 3806
1 5805
41 2848
36 1546
96 2823
49 1504
97 8102
4 368
98 9339
17 6854
94 1501
96 1451
33 2676
68 9836
50 1021
66 6715
18 574
44 260
28 2055
37 1459
99 4474
42 1124
28 9196
10 1387
72 6124
70 5765
56 435
96 2654
75 3821
12 180
4 9911
19 9852
25 9977
40 8372
15 3063
73 2553
31 8322
11 1786
52 7572
12 1484
6 8588
23 9456
58 1174
65 4962
55 1903
88 7331
48 8023
29 4952
15 1976
1 8308
90 7463
26 8308
44 8680
7 826
94 9655
66 1021
10 820
35 1551
52 7630
61 5502
39 1747
78 2159
82 4950
38 2408
4 323
60 1916
60 4256
90 7805
53 884
46 6493
94 972
5 421
65 6235
87 426
1 1122
79 5308
32 4736
60 3057
90 5996
4 8210
7 9793
84 1332
23 9849
1 2954
16 6829
69 1785
47 2764
41 8476
23 970
57 8137
98 378
64 9939
38 511
10 4865
79 32
59 1184
9 6187
98 1300
25 9755
9 8501
87 6668
79 6151
39 8142
96 6810
4 488
20 5956
83 6000
71 3323
68 4200
58 1640
43 1643
81 5752
3 3560
21 6852
35 2429
40 7556
31 6040
77 2720
36 4859
4 7111
67 206
76 4371
16 8761
64 2220
68 258
70 3884
56 4516
96 3636
78 2529
37 6701
5 8200
2 529
8 9914
53 2138
27 8074
76 9435
5 404
22 3086
45 1312
23 6222
84 1398
2 8551
87 2515
36 7690
65 9197
54 1541
78 7572
41 3426
22 8746
29 3199
20 4820
72 3902
51 5777
81 1022
6 9243
69 7753
5 5819
72 7343
83 6914
15 8068
95 693
45 2981
48 2920
87 7857
8 6783
57 2213
42 7841
25 3464
35 8654
6 777
82 4482
37 4838
19 1050
94 5646
54 8087
23 3288
35 704
9 150
61 4029
16 5493
39 6530
11 6406
43 6216
50 9442
61 1314
43 9704
82 1902
72 2795
82 7339
76 827
54 9354
31 1936
26 1176
6 5854
50 8090
74 3605
27 1514
65 521
89 6434
4 7682
71 7062
34 8836
34 1015
96 849
57 4260
88 1165
28 5908
84 5427
76 6770
29 2119
35 6936
59 2299
16 1824
86 4678
1 7926
57 7937
39 8529
19 8420
50 3204
47 2753
10 4112
60 2462
40 349
9 777
61 7016
25 7415
92 4271
46 4510
58 3035
3 2052
19 6461
55 7256
78 1068
24 7919
61 2798
69 625
39 8517
87 4197
74 2684
74 602
29 4162
74 9432
76 6742
20 8774
37 1748
39 3965
71 750
94 5517
40 6591
79 8783
57 5996
20 3883
17 4588
22 5066
34 4793
64 4814
99 1479
17 609
69 5637
44 3691
76 5586
78 3720
4 4146
8 8202
41 2497
3 603
8 3639
38 3077
16 7692
80 213
7 5966
1 1693
56 6032
89 1530
69 1349
94 6229
100 5966
100 3837
16 1873
15 6389
5 9979
81 6026
39 3974
35 1593
15 2526
5 2302
74 5664
59 2351
92 3141
18 7530
29 9982
54 7885
5 2560
14 517
29 9330
7 8456
55 1252
88 3078
98 2658
37 7341
27 9273
1 6605
27 5226
54 7965
99 1917
64 395
20 6743
25 4057
23 8831
55 7478
80 6557
22 1146
88 2324
96 4534
81 7219
14 9371
37 6374
37 1451
18 626
13 8077
9 9728
12 3892
36 4249
82 210
54 3732
20 9353
96 1004
10 1267
69 1925
74 2386
75 8128
49 2330
27 1597
40 6078
83 8016
8 2296
21 4967
77 5469
19 2523
13 9104
37 2774
67 9990
91 1988
34 3994
63 8109
48 2306
49 2193
3 5394
57 2661
98 8943
41 5421
55 295
36 9818
36 1790
2 6230
83 1868
81 9726
18 2454
27 9008
31 4569
45 7188
9 4719
31 4704
11 1643
85 2150
64 487
6 1041
51 8416
62 1952
56 1504
69 7442
35 7996
62 9379
89 1791
94 3430
20 1063
54 3731
74 959
29 1746
57 8685
42 9833
17 2060
68 2179
67 9229
75 1138
5 9705
92 2870
93 1514
28 318
86 9499
26 9566
97 7148
1 6098
25 9883
43 658
69 9728
23 4806
30 5304
44 1852
23 1972
87 1559
75 5170
95 3867
22 7580
95 6615
83 7984
15 8065
66 9329
99 3672
65 8491
89 2342
20 6348
1 1652
5 1
70 9411
48 415
78 2264
23 4196
53 1960
1 5884
18 8901
80 2712
75 2519
84 1404
32 6862
66 1304
2 646
61 185
12 4284
72 5153
65 7153
17 9461
35 557
96 3989
32 549
86 7249
55 3296
35 1753
69 3927
10 3846
88 1563
25 6520
43 1291
85 2944
31 9334
90 4511
38 2013
46 1309
47 6461
6 3742
14 7676
46 2563
96 2481
6 6237
80 9625
21 8887
54 5768
33 1557
20 173
34 4695
4 4457
80 5506
50 32
35 3761
70 9329
94 1864
36 4323
92 8314
74 4624
8 2667
81 2663
67 7128
60 7420
10 277
29 5059
26 8343
45 3869
53 4788
15 2962
93 216
100 6768
59 442
21 3346
48 1053
84 1684
90 7835
28 726
50 9231
32 1024
5 1298
53 3894
57 9625
71 43
53 8220
97 1658
71 1370
100 178
29 3547
47 9474
82 2934
100 2182
23 9445
96 7841
78 6998
39 9340
93 6915
30 9261
69 1571
38 6475
53 8114
54 7153
70 1823
72 6449
97 7237
40 379
11 1709
92 1822
7 4417
87 9278
69 3987
13 1687
46 5871
14 2849
80 3887
2 7684
15 8766
24 5118
65 703
86 6259
46 8479
85 2836
90 5192
37 8403
75 8887
79 1109
57 432
29 7337
28 8896
14 2057
90 8036
91 3679
69 920
1 5866
44 9970
83 1312
56 6225
82 6565
92 6800
11 749
81 8207
77 7887
85 8324
29 428
36 5933
26 8926
37 3849
32 6563
3 1768
95 4348
71 2721
7 4337
67 1411
23 3160
27 7245
98 406
47 6945
37 500
10 790
55 5045
58 606
98 1832
79 1224
62 1161
32 487
75 5693
27 6578
2 9086
52 5884
79 1619
26 1143
50 5475
53 6117
35 5547
63 8256
92 9071
8 1291
65 7630
79 1192
17 6089
36 9931
92 9668
31 302
87 334
74 6247
16 5582
90 407
86 7854
74 5956
67 3197
88 2281
56 6944
100 44
16 2280
14 9313
69 8218
19 477
20 682
19 2718
79 3881
58 2777
44 3330
37 7011
31 2159
14 5908
80 2097
10 8953
2 3056
73 905
59 6384
39 9515
94 8212
50 7878
81 7783
68 5480
70 3785
91 507
68 550
58 4069
49 2334
37 1871
79 4464
28 5496
88 6664
63 1594
54 715
86 8558
3 4992
24 940
24 194
69 3078
84 7891
21 8149
40 3107
61 4755
100 7810
4 8955
16 994
22 9198
40 4208
31 9048
49 692
99 3266
81 4038
33 1081
77 6244
22 8366
85 5074
60 3631
35 8737
95 2311
20 1811
70 1490
35 1486
48 179
91 1455
68 4953
12 6369
3 1599
81 6317
94 5539
96 9972
8 1498
36 5228
45 1330
47 7047
86 1111
12 5818
15 3018
64 380
75 1391
5 2430
95 4678
62 5210
97 6045
20 6590
22 4164
80 4523
50 5457
75 6505
75 7604
90 590
45 61
50 5103
20 3533
14 2293
18 4155
54 4948
22 40
40 9320
26 7460
93 5105
57 4323
59 7680
84 7130
4 850
46 5263
29 3789
85 6432
44 5961
55 2242
91 3713
33 9853
10 2314
27 4837
6 8211
80 9533
63 1437
4 9831
39 7404
91 2399
100 8463
47 9097
20 8477
72 3096
39 177
23 7568
77 8535
57 7166
16 1623
14 2087
8 6034
61 8782
57 650
26 954
53 9063
30 1047
39 3335
61 4812
67 3894
45 221
18 6094
49 4385
17 832
37 1447
85 6532
77 8485
9 4350
17 4561
12 8833
83 9939
85 4360
69 5690
36 483
68 5630
29 3919
57 9111
3 3081
27 9548
34 3780
33 9806
33 648
14 2710
31 9358
2 1820
32 3098
27 5482
70 3480
92 3472
9 5946
41 5689
56 7072
71 5598
80 1529
4 825
46 730
50 7725
80 4141
8 9892
12 1899
90 1113
25 7116
11 2727
34 5710
24 5441
12 1253
14 1108
42 6514
95 3882
74 4551
97 6272
15 6906
35 6282
14 968
80 7142
45 220
25 4750
98 48
42 1570
83 4979
4 9941
34 1723
86 7223
76 5581
17 6531
17 7355
45 2089
30 477
48 3855
58 3347
69 8020
42 9978
1 4485
37 9309
93 51
50 5390
81 917
3 2005
46 5818
61 2248
66 7873
5 636
84 9229
31 1483
30 9955
77 1750
83 2534
67 1469
20 3829
52 8876
62 6498
51 2920
13 7911
82 3931
16 5125
59 1900
21 6141
74 8883
78 2322
42 4603
28 8622
35 441
54 9908
7 2396
33 4662
68 981
47 152
86 953
42 7764
5 1428
7 896
44 6256
66 6861
27 2071
20 5217
43 9158
70 5032
100 7474
79 1350
31 2335
65 1696
73 1647
4 6699
78 3048
52 5685
6 1145
32 4259
17 8285
70 1162
41 3969
29 3747
97 7411
97 4424
76 3628
13 1748
67 1040
87 2475
58 2386
48 9348
36 4637
69 9712
26 3521
57 3862
94 4523
76 3005
25 4904
21 190
93 731
91 7640
2 9005
41 7974
23 132
83 4607
21 1272
59 2220
56 3025
35 719
73 5557
85 4801
47 4449
4 4716
60 5157
73 3275
35 7893
18 2816
60 1965
10 3348
31 1414
14 9604
92 4630
45 1417
86 1228
34 9640
95 9740
5 1388
68 9416
23 385
97 4336
88 3715
47 7850
82 9222
92 9126
92 407
43 1324
18 738
76 9815
7 6725
94 8597
28 8549
71 4047
43 4384
64 8183
44 771
22 3072
98 8669
41 8658
2 3427
19 8125
23 901
26 942
45 9649
77 2432
75 2679
68 4661
91 6813
55 1318
78 995
69 4150
23 3929
61 4717
68 1744
48 1316
42 367
24 3165
68 3031
73 8757
27 3577
3 7420
44 7494
47 9124
78 9399
33 1576
58 3183
97 3663
61 7981
4 4721
49 1302
85 5929
42 7810
1 6699
18 1446
28 7897
35 9827
97 2433
95 1372
28 793
50 4109
98 4173
20 6586
53 6632
37 9414
48 1249
61 6614
56 2776
23 3589
72 6674
61 8313
51 6129
21 8533
45 8919
14 8192
23 8652
18 1574
78 9486
31 6062
92 1449
75 4780
29 6264
80 1704
53 9546
84 1134
71 7592
10 3943
61 1397
81 8200
93 9351
40 9354
68 790
66 8026
36 611
55 5682
92 2843
43 1767
78 2748
83 1508
84 5798
97 6711
60 4981
8 634
60 6287
56 4629
98 4457
46 1634
47 3775
95 9761
42 9971
49 8733
47 5718
90 9823
4 1941
69 8482
49 8501
87 9414
75 2626
27 2665
70 5253
1 1987
15 1524
31 2096
67 7742
79 1443
30 1015
95 2185
74 2385
7 2300
16 1644
35 8762
27 2031
17 3941
90 871
99 7995
100 2927
76 4505
42 6097
19 1484
57 5772
8 5032
77 9911
44 525
9 7028
31 7078
24 7913
72 4932
91 2635
63 7819
79 11
85 6570
46 8582
93 2017
5 1975
2 4222
61 5584
14 857
23 2154
33 6385
72 4009
9 3174
76 5059
100 1560
61 6738
82 1407
56 2439
40 2013
56 8898
73 4418
6 3983
29 2254
11 9539
40 2076
83 1496
68 7149
6 9557
1 9666
94 1186
63 2430
17 8171
73 5131
99 6034
81 2700
65 2426
80 2739
47 6273
43 1205
63 4637
42 1914
75 2714
44 9417
41 83
43 8467
96 5424
74 2239
50 9870
80 550
29 9701
87 687
62 7894
56 9774
68 2948
53 3145
52 8053
20 9196
49 8840
90 701
55 1097
52 4322
76 7922
68 5969
46 7717
59 6520
97 6136
62 15
55 8671
91 4986
79 4672
57 2131
72 8835
55 8344
30 6697
24 8801
17 6591
23 7573
24 4323
9 6749
3 9462
47 4729
65 3522
10 8402
4 2765
16 9599
26 3135
53 1436
1 6209
66 3848
42 6902
28 9661
83 1358
92 1398
40 9593
26 9692
14 7497
19 8001
23 9371
92 2785
57 8360
12 5973
23 1046
65 8010
72 1268
57 5794
81 2790
14 1210
24 5902
44 4571
58 6956
38 1892
83 4391
68 3688
36 3916
99 7620
14 9975
97 3765
24 6608
75 791
100 2519
41 7104
46 4258
17 3358
38 5366
74 398
49 5125
61 4127
41 120
29 4742
72 3949
51 2740
30 610
41 3765
50 7347
1 7930
59 3103
9 761
7 4994
73 6930
35 6767
54 8854
52 2140
76 6388
2 995
14 2484
35 1749
29 2727
10 9602
56 4062
24 6279
14 4026
39 6343
61 884
66 1405
42 4735
16 7296
36 4443
76 1528
18 650
64 9041
15 8296
28 8925
72 1383
50 6463
65 8344
12 213
87 129
17 197
13 8891
32 9228
13 4331
69 1554
49 4500
1 7842
55 2571
52 8153
69 3627
97 7037
52 1722
94 5344
36 3132
40 1444
83 9270
25 1729
90 9029
84 9686
37 1424
66 477
1 4731
79 9425
52 7022
70 9636
55 8294
88 6972
34 442
77 573
49 7776
13 1598
94 3697
79 949
63 1146
68 5027
26 3701
66 3480
42 3671
25 2878
27 859
46 6665
69 4943
82 7874
9 6222
17 2816
61 7230
67 7784
9 2106
51 5270
45 690
70 1293
20 833
83 9083
70 9920
33 8593
3 4618
27 5361
12 6288
99 9912
33 6957
20 8447
11 9276
10 8140
74 6873
60 3982
31 5941
44 5546
88 1710
15 447
28 7678
57 2449
89 3587
47 948
67 3407
26 1510
55 4225
79 2946
75 1764
86 4594
4 662
19 1013
89 2475
44 338
94 3363
15 8140
68 1210
62 2422
63 3966
56 8825
94 7446
25 419
86 4353
6 4738
49 909
6 4562
100 1513
92 7699
71 9773
67 7550
60 344
86 2905
55 8682
79 905
92 6707
63 9032
66 2380
22 7112
30 7349
65 1350
70 2990
55 2018
64 7754
59 5551
38 9073
40 1782
76 9189
90 7359
64 7255
10 7922
8 6443
59 6250
97 5017
50 3084
87 5205
43 7720
18 2657
53 1965
23 5858
56 5185
61 2752
65 6961
85 1810
69 1525
52 5226
26 680
68 2556
58 5335
18 3301
41 3624
54 3593
9 8957
87 6317
24 4889
33 7047
75 162
24 6019
76 9735
68 407
56 4532
81 9257
34 8484
27 2575
90 247
66 9704
3 7812
86 2937
24 2047
15 9818
92 7839
47 8994
87 378
88 4144
82 546
23 8092
35 3988
97 7773
79 3357
34 1549
9 656
59 2298
39 215
68 7341
29 1382
85 768
52 6118
8 8588
57 4208
28 769
23 6391
20 2730
78 6604
56 335
9 3884
63 972
85 9805
92 4755
98 9193
46 7358
91 3226
26 2375
73 6054
92 9163
65 6365
60 6828
79 6993
83 5863
41 964
56 9334
39 4137
20 8790
10 3876
42 3579
57 1363
95 1058
93 9553
40 3447
55 2233
100 3273
79 1736
81 4395
97 5862
3 8252
67 8598
43 9993
59 4747
72 2161
30 9229
23 8106
1 9901
48 4658
38 8678
50 8393
70 8565
63 5453
22 7082
66 69
98 7534
92 2642
22 2903
72 7602
23 4603
12 231
8 1330
1 504
49 702
39 9127
83 9087
45 1683
26 1682
5 3918
99 9338
67 1585
3 338
98 2687
56 7458
80 5816
60 848
63 287
63 280
84 8542
60 8991
23 1879
40 3909
3 7854
3 2009
79 8870
75 81
81 3977
2 858
94 9565
70 7709
78 1123
98 7187
41 2673
96 1898
91 7282
57 2712
88 2316
37 3679
7 9811
80 994
100 4188
60 8295
83 644
23 6701
11 8130
55 3744
90 75
37 5579
27 341
35 5565
54 5693
37 1904
83 7981
90 3573
21 6056
42 1108
44 5736
22 4835
93 5050
32 6500
13 9688
21 8596
85 4824
12 6241
24 2066
20 6380
13 7272
68 3791
50 6705
2 6177
86 2391
9 5847
15 1362
15 733
43 9027
95 9910
56 294
62 1633
9 3122
65 5948
36 9234
82 8541
25 1113
50 462
28 2
30 5945
21 2982
41 9733
78 9826
45 1663
10 1703
50 4844
93 4147
63 7934
57 17
34 6965
59 749
6 6424
20 4682
23 1189
14 3063
82 277
90 2063
29 5539
28 1872
74 5166
81 5038
71 5773
72 8505
92 1683
94 8925
68 5348
18 1961
61 1814
77 2738
62 7339
70 1368
54 5678
2 6696
39 9836
86 4692
12 1733
89 4897
98 5426
63 3231
5 4474
38 8862
79 8176
64 1903
100 5599
81 2872
44 3001
83 5773
94 6059
43 2315
1 2982
66 230
92 954
76 6134
17 7555
72 8477
41 8072
80 3372
54 786
46 9895
70 1610
2 1046
53 1590
74 4654
37 8278
16 4415
88 8057
19 4110
1 5365
68 278
7 4167
30 8075
98 584
92 9904
15 5073
70 633
98 5552
83 6051
5 2011
50 67
4 2756
58 1324
4 7470
78 8405
45 9375
29 618
87 1063
30 5073
90 8592
23 432
84 8422
42 3566
99 536
81 6743
56 4191
87 3284
72 8399
95 6970
60 1885
49 7169
14 2032
5 4344
82 7834
22 8967
50 2248
100 838
90 2008
62 7356
42 4315
95 7578
61 9083
17 4793
66 447
90 5345
34 7453
91 908
89 2559
54 5946
84 6793
92 1238
34 7417
95 5992
29 5264
52 7117
15 2049
37 5844
18 8663
5 7066
1 4316
24 8809
76 6887
28 9340
66 2053
8 2742
52 9579
16 9812
81 1835
25 7440
4 1414
2 4407
62 6305
67 1661
21 8698
42 3488
12 60
84 9786
3 6690
49 1403
65 9017
49 422
24 3321
96 9066
53 7877
17 4021
17 1937
96 5540
75 1523
18 3517
3 3213
12 2193
18 682
70 3532
39 6087
97 2479
89 6596
99 1969
30 1707
3 8129
96 8096
11 7406
42 2105
44 7739
1 2320
37 4429
4 7255
96 4998
92 9980
62 904
8 3629
80 9938
64 8109
29 5967
11 8376
94 4271
79 4147
60 4869
56 8215
84 2979
78 5184
17 5779
27 6897
69 5704
30 3003
17 2820
5 589
70 4827
32 8749
52 2135
7 1832
27 5054
86 631
22 9281
71 4819
51 6918
24 4010
24 7320
17 9234
35 7326
44 1134
2 1337
27 4799
32 178
26 1116
27 9187
30 3300
52 8948
25 1251
44 810
3 7492
74 7195
80 103
76 565
87 2387
91 6559
66 8701
65 272
43 5114
90 5471
94 2449
22 2506
60 5028
16 3643
87 5424
7 7992
71 5603
8 7898
5 2175
65 928
51 8268
32 2085
15 9138
63 111
23 5878
98 2170
7 165
89 2004
16 287
56 8810
86 1670
9 9427
33 6776
5 2331
81 808
93 3891
29 4276
10 1799
32 3283
31 336
7 765
6 5419
23 783
85 3193
83 1678
10 7801
88 380
25 2083
79 2426
45 246
74 1229
10 7765
79 4372
42 7276
9 2152
85 9866
41 8932
25 2346
84 1000
81 2722
21 6217
41 3183
78 7659
8 224
38 2225
69 3379
37 1604
44 925
56 5235
71 4846
90 1402
50 6612
3 7798
91 3759
19 4919
62 8997
54 8551
6 2278
27 8714
56 3714
10 6871
80 2682
42 9206
97 2885
55 5642
37 7284
43 8560
29 9624
10 1337
73 5218
44 8517
87 8795
14 6048
92 549
29 6162
47 786
94 8081
43 7252
49 1482
87 452
77 7088
72 1046
15 1332
38 781
50 4549
98 5963
63 7945
96 4492
100 4333
79 980
94 26
33 9734
96 1369
13 9239
38 7753
77 8802
54 2094
73 4572
15 2059
69 4795
11 691
55 7219
63 1229
69 1297
14 8358
75 235
87 7739
80 6152
58 503
14 1708
72 282
4 7639
25 9739
95 8287
68 7727
95 6442
53 1275
62 6656
21 3798
39 1712
30 5794
21 4195
92 8605
98 6766
89 7507
26 1404
4 438
87 571
32 7360
23 6293
47 2728
31 8866
71 4372
33 8396
65 8494
45 2147
57 874
12 7954
49 9335
79 1138
5 3732
58 5357
74 9764
54 8502
49 7781
35 1911
87 6094
6 8043
99 9079
40 8541
43 2797
35 3536
38 3318
9 5825
46 1281
17 8890
22 3250
17 8745
38 8909
45 7936
93 5921
41 4909
71 4263
91 13
3 7211
85 2413
91 1594
10 2417
59 2172
34 8568
94 5973
30 5248
59 3926
67 8726
8 4233
81 8209
80 6653
9 2576
2 1086
70 6416
92 2681
66 9010
61 1646
40 3693
2 1975
37 3392
59 6808
70 8267
9 7416
36 1678
83 3967
89 1489
62 1408
69 7574
5 2281
39 1724
37 9352
75 6550
96 2657
80 2332
56 5517
62 2255
55 4597
39 1602
64 863
81 5960
12 8216
45 5545
99 2643
79 2857
88 977
39 8778
52 3185
62 8000
89 666
27 597
81 9383
47 799
19 4786
51 6207
20 5204
86 8076
67 7259
70 8207
46 1069
27 9519
83 477
21 2176
51 2860
45 8
56 7425
55 4658
69 3948
62 3879
74 2999
61 4169
77 2398
25 2049
4 6017
59 5676
68 1191
59 6178
6 421
13 3192
51 848
31 2902
61 3791
51 7978
20 7845
35 8334
66 6733
74 7640
71 8198
44 8353
35 6817
57 1449
65 8537
53 2361
24 8931
92 7624
8 645
25 4530
28 796
16 6853
33 729
20 1918
53 892
1 8836
73 1075
74 3907
56 9396
50 4620
5 6890
81 2347
94 7693
9 6874
10 6773
26 9188
92 1343
89 8715
45 513
7 4366
20 2251
34 1109
60 1598
80 4847
50 2594
36 2655
27 1058
5 6866
60 4107
96 7940
53 2006
94 2084
50 8513
94 2757
64 1668
71 166
35 3298
45 2340
76 287
84 6525
86 5426
94 313
73 9643
23 325
82 4678
94 656
100 5680
85 5946
46 25
95 9305
34 6923
25 4717
54 91
47 8775
5 4221
9 742
20 7084
77 5186
21 2266
54 9116
44 6085
58 7685
16 2620
48 7182
16 5472
37 1520
67 7262
100 2637
84 4395
99 2263
62 4273
32 1280
96 3098
20 6001
20 1274
51 1615
45 2418
52 1755
73 1441
94 1416
8 7390
43 5394
46 7460
64 7758
23 2621
5 1948
5 6802
63 1140
9 7473
99 8784
54 3873
24 2646
42 4098
52 3962
43 1784
63 3489
97 186
45 9752
25 3317
41 3126
49 7511
50 8111
24 9193
73 1467
9 5020
71 2390
11 9991
80 713
76 31
83 8233
2 1545
56 7455
9 140
56 3480
26 4427
52 1006
99 3057
25 8326
12 2621
26 6459
62 1793
70 1275
14 5045
52 6304
40 5457
40 8562
29 2411
36 3820
54 2014
99 6604
42 3100
12 2878
25 6820
70 3003
33 2055
83 5694
57 7416
43 2727
93 9315
38 9124
49 8560
4 7309
73 7095
27 2302
97 1365
42 6442
100 8208
66 3902
70 6536
2 3684
91 5183
63 9034
38 4458
11 9634
10 264
61 8091
38 9394
30 4128
86 3796
46 9071
89 2236
30 5916
2 2416
16 1223
60 7348
48 3675
85 6252
18 4489
64 127
44 4949
98 7453
41 5806
26 2658
50 9812
24 2811
8 2277
72 2232
90 777
46 1107
96 1199
41 1809
48 2951
24 7766
25 4817
17 6270
57 4454
60 3161
91 9622
54 3222
44 9681
11 1619
21 9290
64 212
54 2377
73 8994
70 3872
82 8806
87 3248
85 8791
55 9228
31 9375
38 5070
6 6229
18 569
14 599
37 192
42 2565
54 1157
14 5830
39 2131
91 6277
56 6800
35 5708
28 4670
13 1108
76 3377
27 8876
60 5478
42 984
62 8897
22 6172
96 7863
83 5177
6 910
18 7222
35 4289
76 4179
40 2921
40 8986
43 5688
59 3064
16 7672
77 539
34 8260
49 8315
52 6837
42 1501
65 2047
100 1078
69 8029
92 6093
81 4234
12 485
70 8225
56 2521
52 6536
42 4025
100 3433
45 308
56 529
75 4598
15 300
93 5556
73 4929
98 149
95 1209
8 2627
90 9110
46 5698
16 4082
97 2065
52 4118
49 1615
11 3964
74 4304
95 534
8 2768
39 4416
48 9174
87 7059
49 4989
37 5596
53 3343
56 9965
67 6883
48 2147
93 9081
18 7096
41 1715
30 1785
66 7750
98 9354
68 4017
5 9064
67 606
87 9055
32 295
70 1086
40 7706
82 5144
99 2127
29 9452
65 1370
71 5271
14 9533
64 3096
7 6048
61 2596
82 7795
91 2268
62 2738
34 1596
29 6250
99 1253
30 4284
52 1357
2 7775
84 3317
84 4139
5 8507
64 5764
81 1617
2 9235
57 9774
76 107
72 6804
65 1402
31 962
86 6831
91 6122
72 1819
27 9845
40 1195
32 1974
76 5541
35 2268
27 2128
81 1980
78 1993
65 7695
84 2452
77 1896
59 5999
58 4568
24 1501
6 469
37 6466
78 5752
44 3546
53 8407
51 63
78 2083
74 1371
21 802
81 9178
81 8767
38 116
36 1520
17 1641
43 1592
35 3517
36 7215
80 6247
90 1519
19 4245
91 6512
43 7906
68 1846
14 7258
20 8377
9 4749
13 998
12 9411
72 7796
32 5311
91 2345
74 2695
30 2334
76 9363
89 2416
38 3731
83 2169
34 5606
48 2751
23 7352
30 9754
48 5611
10 9692
45 7674
38 4828
77 4170
85 4435
75 8802
67 4411
18 3117
85 2085
6 6237
60 6010
28 2642
6 7124
17 7467
24 894
68 7772
35 1289
48 497
44 1472
87 4481
86 6606
68 935
55 2319
58 7757
94 6996
74 4250
51 4043
19 366
11 1823
44 1675
9 8043
30 183
29 6757
34 7263
100 7497
45 5453
33 4898
54 9213
63 1377
96 8173
78 8151
53 1283
6 2565
13 7540
5 2070
59 3377
49 2827
9 6436
43 968
55 1148
6 1885
54 5398
42 952
73 9245
54 7816
19 1123
47 3221
98 1872
47 8782
12 329
47 8691
20 5925
41 4389
39 9229
73 3322
31 5282
60 8373
39 5571
77 2006
33 430
20 5390
69 3543
84 1638
62 1576
82 1888
62 9544
70 9805
85 1998
72 2785
2 1431
27 1588
49 7655
88 1610
8 6332
43 2597
45 5961
46 1530
40 7010
22 3969
69 9747
17 289
68 630
20 4668
51 2533
58 5590
35 8860
94 6364
7 8979
42 5459
25 987
27 5630
58 4518
14 5652
13 508
36 3616
83 1227
54 6075
53 9214
88 9832
49 9489
80 1294
98 900
69 8315
95 991
4 8535
42 1941
89 6839
88 8572
35 8083
19 4892
10 1274
67 7413
89 6085
27 22
75 7449
53 3083
76 368
99 2647
96 3706
50 9218
16 368
90 1781
74 7562
91 1620
10 6673
16 8426
12 6007
55 5196
8 838
84 7958
64 2503
97 91
17 2500
69 8300
28 7168
40 7446
85 8005
62 7728
65 3661
91 5413
41 181
7 9552
51 2479
49 8021
1 2840
41 5336
43 2810
26 5544
96 1058
57 2235
64 5092
36 480
8 3869
66 4417
94 7674
80 1032
19 2119
87 8579
14 2651
26 4827
79 8274
2 9105
84 1786
84 2730
39 1394
68 3469
48 544
48 2458
12 674
98 8350
38 3896
21 9508
69 2448
1 462
34 9617
94 1108
51 8076
19 8092
36 5679
87 8730
65 5308
87 8426
1 1115
86 1932
53 4811
6 8975
48 7758
51 8434
69 7574
17 327
90 8234
1 7848
52 4094
35 4062
22 3570
87 8880
22 9353
29 8169
90 2764
67 5085
48 1888
57 4845
56 1990
2 9193
69 354
50 7942
34 30
62 2593
46 2928
80 658
82 137
3 5075
51 991
85 5635
59 8749
7 8054
75 1193
8 1920
75 7687
18 5890
73 1164
78 4948
2 1062
30 5604
93 7626
100 3390
65 4589
96 7468
23 9671
74 6703
64 693
62 767
9 9535
100 6335
55 8777
71 9189
47 5757
55 3161
7 5752
29 6475
14 7684
64 6250
98 2807
90 1698
71 1290
61 1894
74 5820
55 9711
47 7400
26 6099
67 9252
76 3545
57 2939
94 1804
36 8590
51 286
56 4582
92 4031
85 7965
53 2734
17 958
38 832
100 8650
47 1326
23 8957
1 3859
52 8704
15 6135
59 6896
95 1974
57 9663
24 8677
64 6249
91 5
43 537
49 8264
87 5773
45 1620
67 2071
2 4150
24 5894
60 2440
68 2325
6 694
35 9330
42 9406
87 9122
80 8775
8 9827
91 3779
35 4898
17 8071
28 3742
10 3162
73 9036
88 2204
38 3580
22 2074
14 5371
37 4751
3 2859
38 2781
12 5489
22 8732
22 6141
2 7906
33 5487
63 9124
85 392
12 75
37 8095
73 7771
46 3829
60 9328
70 5931
34 5786
71 7618
9 2650
71 115
87 493
2 3536
93 6809
54 4042
29 486
97 9397
57 4383
80 633
65 9688
87 3211
2 3714
25 459
92 6142
37 1887
33 4206
9 1648
51 9794
66 4034
84 2321
29 3434
64 9478
64 4716
27 9981
40 867
71 2286
33 9204
28 4922
14 5476
42 5347
71 1465
71 7281
20 7103
58 5090
36 3341
47 913
30 9367
47 8907
15 8453
99 2638
96 8611
8 9219
81 1274
38 8973
85 335
85 7794
64 5834
43 4650
39 9098
87 1398
56 4680
9 2002
77 4841
68 8142
73 4696
32 1065
76 979
88 6863
26 8100
15 4838
27 9986
25 5059
69 3689
84 8194
83 312
92 1989
32 2186
16 5804
67 1224
81 4806
90 9517
40 8615
49 8985
67 5387
20 7577
68 3354
11 6679
2 813
37 174
20 7200
43 3490
59 3928
66 1981
66 6550
75 5484
12 316
10 2668
89 3280
66 5407
97 3215
79 4051
89 2772
49 6565
27 1449
8 5185
57 1133
23 5278
45 5302
89 9400
44 9273
54 1885
54 7112
78 3117
32 7691
51 6923
5 8098
48 1081
22 1514
70 3091
14 2686
90 9531
60 8560
75 4085
10 9688
26 6227
57 4716
3 292
42 353
61 1816
77 4657
44 4743
52 7741
67 5907
99 1572
41 9771
13 2965
84 6002
45 8226
24 2223
49 9990
28 3462
31 2728
62 8935
75 7296
24 3397
80 6089
94 1210
70 9175
66 6057
7 8955
46 1252
9 7286
49 6607
48 6282
77 3765
32 1831
43 1321
8 8868
87 575
92 684
57 1708
57 6844
65 5964
27 7689
43 4435
15 7703
78 2246
94 6136
41 9802
56 753
50 6685
25 7396
79 6468
90 2265
11 9109
3 4286
82 5350
3 3649
59 7013
95 4059
53 8697
16 335
7 4761
91 6563
13 3260
14 7071
72 6256
37 9892
77 4783
91 4991
77 8495
82 2893
47 1065
71 641
62 9661
13 1156
80 8483
19 8476
84 7477
66 6640
8 6635
14 8075
50 6119
8 5248
32 1363
15 3757
73 5527
77 2322
94 3119
69 9363
37 348
59 4572
5 1578
91 3925
2 834
81 7159
70 497
8 1246
100 7209
18 4255
73 518
24 5451
68 5363
74 2181
97 9454
85 464
57 2810
47 924
35 6052
15 3123
35 3640
41 1007
32 164
28 8703
55 8829
82 4890
86 241
24 6067
37 7693
92 7565
20 7232
99 304
40 9151
94 620
39 8122
94 7150
66 7535
50 3793
25 7406
62 2743
86 3117
86 4456
89 6045
81 9002
72 3340
54 130
57 60
74 4346
84 8771
87 5091
79 8757
85 1725
23 6992
16 7685
73 438
85 7533
13 2272
84 1282
26 1584
45 7835
73 3192
53 7021
98 6297
63 8231
29 9439
48 6794
49 8139
64 2744
15 9313
50 338
97 9460
58 4650
1 6862
1 9184
35 5268
17 5243
53 3736
21 1942
26 7985
34 9470
29 1753
71 6441
69 7366
63 7977
25 171
2 3200
44 1119
29 310
56 7518
65 5769
86 4719
56 9621
4 4294
54 1316
22 843
47 216
82 6379
86 5767
17 5053
98 5365
17 2535
54 1512
22 1281
30 8136
1 7706
39 9670
6 8475
4 5695
24 1481
91 6432
89 879
10 8332
96 2347
91 300
7 727
36 7495
32 2203
95 3234
71 2257
81 9161
33 6489
93 3310
52 2591
23 8369
31 8585
69 2994
63 5013
55 8019
25 5987
54 9361
42 8670
